*******|******|******|******|*|*******|***|********|****|****|**|**|**********|*********|******|********|*|********|**|*****|********|******|*****|***|********|**********|****|****|*********|*******|**********|****|***|*****|**********|**|*********|****|****|*|*******|**|*********|*****|****|********|****|*******|**|****|*******|******|*******|**********|*******|*******|*****|******|**|*********|*******|*******|*|**|******|*****|******|**|*****|******|*******|*|***|********|*****|**|********|*****|**********|******|*****|*********|*****|**********|*|*****|********|***|******|*****|*|***|***|****|**********|*******|**********|********|***|*********|*********|*********|******|*******|********|********|*****|******|*|*|*******|****|******|***|********|*****|***|***|*******|*****|*|****|*|**|*|***|***|*|*****|******|**********|*********|****|********|******|******|**********|*******|*******|******|*|**********|*********|*********|*****|********|**|*|******|*********|******|***|***|*******|****|**********|*******|**********|*******|****|*|*****|******|*****|*********|*******|**********|*|*****|*********|**|***|**********|*********|*****|******|*********|*|****|***|**********|****|*|********|*|**********|**|*|*******|**********|*********|********|*|*********|****|*|*******|*******|******|*****|
10000
206
582
624
1019
1123
6
1228
985
1052
565
870
1165
253
36
1052
635
940
574
1087
810
861
78
568
101
496
683
714
948
657
80
266
768
1190
864
1073
1075
586
935
123
345
519
295
188
960
132
270
1248
875
1002
717
685
734
1078
221
245
1046
731
248
1282
1251
235
1041
219
708
472
887
1248
692
72
464
525
322
771
978
205
1074
234
523
1047
982
1212
715
713
219
181
168
203
908
293
232
586
574
929
343
720
897
216
209
1113
97
710
836
304
486
1060
1162
386
236
172
636
537
348
855
918
1005
651
527
110
1002
983
352
1035
377
634
348
740
594
1218
253
3
541
824
530
821
1050
1256
912
765
686
639
1027
375
1170
715
138
1131
138
1247
981
790
76
1056
1245
1215
125
1212
1233
277
812
955
922
361
890
546
142
688
586
536
620
854
782
632
1121
487
87
575
385
246
1212
551
255
198
1225
1289
1124
138
762
1277
543
324
1094
1178
1297
714
1040
905
457
483
901
394
720
477
1101
102
143
833
212
1204
1143
526
827
572
1047
638
473
468
664
1168
624
443
685
439
289
123
400
48
1229
981
426
378
294
1141
419
1127
767
125
1101
672
581
103
843
1227
995
814
1275
580
403
435
307
899
1161
111
1080
839
1054
209
1231
1304
36
931
1291
353
106
1230
189
964
92
705
1227
591
15
991
73
1237
798
1009
1140
942
608
1023
1119
1114
1197
241
1113
712
316
1189
123
955
847
147
3
857
1279
914
745
201
774
505
685
502
1054
1262
982
1166
1078
1283
418
1035
1245
377
301
1070
467
1036
632
470
441
920
525
960
221
21
117
553
1058
356
771
1272
619
614
1083
843
954
890
92
840
866
1166
569
290
907
877
636
257
239
809
604
444
473
161
1208
605
530
737
931
669
15
306
1193
246
558
745
464
783
1028
974
1224
160
525
1070
485
466
400
231
558
735
770
794
998
1170
855
49
1103
333
950
438
713
1200
1233
950
1090
119
676
1225
449
934
730
67
97
98
110
578
659
810
107
590
232
488
193
270
356
357
510
811
1184
983
58
1071
527
1097
166
438
24
60
659
918
419
790
1033
1194
127
855
651
459
617
1281
12
416
1149
558
244
841
379
234
476
507
1266
476
1170
491
1053
713
26
328
987
612
271
42
358
971
983
284
504
67
5
927
1081
1137
1177
558
1073
1300
247
450
987
118
1247
1307
416
3
786
295
687
899
83
556
927
1162
1215
604
757
905
47
398
1129
824
418
1017
777
624
1272
216
773
435
662
244
51
689
932
118
86
557
47
1183
399
816
1025
579
412
343
173
58
218
819
1174
665
1029
650
1200
517
223
228
1270
971
1032
1189
583
1126
1190
608
972
1272
704
135
1257
746
153
760
560
757
35
1221
195
327
601
317
984
211
156
710
255
636
969
28
655
438
468
145
603
482
1247
716
132
716
24
382
290
783
448
204
1016
499
1116
616
1309
1023
483
88
43
144
1017
464
238
482
738
1019
487
1276
837
1260
38
586
1167
1047
1202
600
727
981
514
59
422
471
858
951
806
1052
936
658
478
996
401
463
897
933
988
889
466
903
774
1001
335
1216
392
162
917
68
1106
727
323
929
1070
707
1299
413
930
758
266
792
117
237
758
1102
1163
890
849
323
1244
84
854
748
474
818
603
353
1074
466
383
76
129
1281
338
1059
621
430
1111
866
15
790
695
648
1216
1252
1136
1001
713
134
1136
851
708
1029
621
261
358
57
1174
1055
370
1131
1231
87
173
1281
246
1035
103
1084
816
634
91
789
1096
775
300
514
984
724
776
586
803
1097
1125
110
692
1185
865
796
80
1157
353
435
572
299
157
856
415
1020
670
1021
247
732
937
590
759
31
594
436
862
943
384
246
200
946
560
1133
865
690
700
615
1117
718
1079
886
81
1232
209
1010
1170
245
248
1257
1226
1037
542
339
474
275
285
1250
1268
279
705
1214
845
855
187
153
750
581
392
949
756
541
1225
1215
287
1025
623
411
514
1178
636
820
983
32
1244
984
889
117
17
160
955
472
885
717
440
746
1265
245
674
561
374
259
643
682
809
61
412
629
333
1031
234
559
62
690
701
496
969
304
1106
704
518
695
762
291
448
336
270
1269
681
283
1148
668
525
408
466
681
335
442
706
861
60
862
172
346
293
932
952
277
635
1072
106
436
1200
1267
386
348
636
336
204
811
703
1011
502
950
1308
1051
886
476
183
92
210
660
712
431
1192
661
1194
1169
661
499
996
347
395
1220
744
183
180
516
901
171
225
366
249
1247
660
952
1057
237
1260
900
325
389
271
89
1147
684
90
906
898
622
852
914
255
1027
571
1101
1083
913
1113
821
1219
1274
1013
1039
31
882
175
1286
531
538
576
192
763
926
792
930
755
75
109
433
313
389
303
1014
315
453
1243
801
362
307
711
1171
192
1234
1296
672
853
500
730
366
349
503
1166
975
318
1066
316
474
200
508
41
1216
435
227
279
356
34
993
958
324
893
251
1236
289
567
1213
956
703
420
260
1224
1127
65
1246
55
969
782
561
1284
277
950
217
47
1217
703
839
342
747
642
154
448
987
1036
101
120
458
177
1090
1303
1072
933
618
419
535
506
182
278
640
467
1247
897
1080
1054
1290
716
396
995
1113
559
960
218
870
1091
1044
361
274
266
1299
883
811
1101
503
32
562
1153
588
476
750
452
1117
1258
726
673
744
680
366
306
891
697
838
1284
813
1079
846
1131
294
250
250
1274
646
108
634
1026
1154
65
728
1002
880
79
1163
792
348
537
1085
467
399
73
1031
729
952
132
462
973
321
119
421
163
696
448
944
637
181
1182
165
985
1034
187
1062
737
1164
1213
1086
506
1055
479
397
1185
821
661
964
1034
564
1222
248
4
1090
821
401
1025
1162
1241
272
17
741
98
339
1192
194
1068
532
625
1252
1034
351
1164
789
1270
875
525
1060
1163
335
1286
1308
55
279
535
326
657
1125
10
851
317
242
524
1002
1029
915
1126
419
1293
1295
815
964
469
551
678
964
561
199
1249
343
340
1093
520
350
343
812
69
535
744
1121
668
94
431
658
897
752
683
978
730
591
1303
36
55
1022
323
14
42
356
210
10
392
601
57
271
447
592
1113
180
105
879
234
69
628
578
327
1231
809
1156
271
1114
349
1235
641
624
264
344
5
687
955
788
967
771
434
268
450
53
371
1098
349
959
856
384
52
871
1260
950
490
591
1226
762
22
152
25
379
301
77
244
252
151
1173
525
240
252
664
1018
570
1209
1187
406
55
1268
831
340
1203
218
96
211
364
937
207
191
769
4
10
395
70
1163
1012
120
333
248
1226
454
924
626
57
450
994
27
205
437
918
737
668
1036
1240
1246
942
201
268
1266
1217
77
470
517
705
290
720
72
989
517
93
671
955
305
60
499
698
655
121
421
1088
775
923
1250
667
1050
182
358
793
263
47
381
322
472
729
520
549
129
641
890
1139
767
572
360
15
1014
867
543
319
712
1033
1003
1303
738
196
1268
1151
593
97
1051
713
714
277
740
168
1055
175
867
803
1234
430
976
1050
619
107
182
896
425
164
794
291
201
194
1028
555
119
444
287
417
785
23
1004
206
13
372
982
1249
699
9
253
457
1282
175
1172
1219
369
883
966
1203
571
960
591
31
841
947
1148
626
1145
732
1265
1015
1010
465
852
755
1141
640
658
457
1102
681
463
1277
1205
458
558
674
1299
594
1095
411
898
1175
90
803
269
133
969
1079
793
192
903
1015
819
720
229
456
1235
738
1132
1171
1005
885
393
1112
1002
809
863
403
986
855
432
1031
1230
1272
76
387
729
1072
105
82
1004
583
890
646
1083
263
467
1043
376
1278
164
802
1261
545
502
154
772
497
955
776
666
966
867
295
976
654
943
169
135
317
505
1304
442
609
609
799
970
1232
252
1309
679
1259
788
464
1256
32
589
635
651
1194
909
1171
400
877
395
254
825
553
1045
598
1069
518
392
975
144
1153
379
44
988
190
275
1257
334
236
857
1289
1059
945
1199
1188
910
776
547
1012
1011
846
103
48
1107
897
938
1254
502
736
611
283
551
497
1080
710
1295
579
110
1001
32
380
1027
1134
850
213
144
530
799
782
1234
986
408
263
1169
710
629
1097
1011
1147
371
1007
398
176
352
664
368
81
76
884
159
592
746
423
143
409
225
68
232
501
575
709
594
829
1267
426
1274
636
1009
544
1191
413
316
456
550
571
19
666
458
74
933
1248
904
975
727
35
192
630
1147
789
477
915
1039
205
524
792
971
919
1013
1131
616
199
781
1288
1104
86
991
1173
700
898
590
1267
143
319
943
1257
521
267
1189
346
95
96
765
503
478
820
1151
1045
1196
800
64
256
1261
430
963
114
111
241
416
341
639
280
283
365
30
1147
10
481
961
1054
17
213
1024
398
320
720
937
619
484
1064
959
1098
1259
804
268
1122
381
160
823
1245
12
410
584
758
268
756
467
414
363
82
927
1001
1131
577
164
910
634
1177
1061
895
216
232
227
357
295
1204
162
1232
586
451
1097
267
167
348
214
73
1030
538
1053
116
945
961
847
265
1128
1166
251
375
903
910
1189
791
69
980
563
459
905
1167
316
337
207
1134
206
1118
329
132
776
331
462
1075
1104
820
180
144
1048
1177
539
605
493
140
76
156
1069
577
528
1214
156
323
414
316
1166
459
431
584
858
708
1299
1217
355
98
1136
571
393
166
721
877
525
624
719
90
727
957
1122
1223
736
610
357
1185
260
998
328
324
732
987
1262
1147
339
1109
260
57
149
84
574
360
362
1172
253
653
472
1297
522
1046
1127
227
1144
109
952
128
948
327
914
168
965
754
350
512
834
254
387
693
1023
128
640
1196
1291
241
1192
36
1304
1114
712
705
2
1266
389
169
817
709
1225
120
795
1172
152
9
345
325
597
907
1248
636
896
561
885
403
34
38
121
666
98
699
826
210
194
946
12
23
249
167
260
1064
842
904
857
679
517
401
347
1018
1205
324
1242
53
752
933
1250
647
966
1006
76
566
1171
689
1084
68
421
37
244
1210
80
331
665
1029
168
283
208
665
1285
110
201
160
65
895
259
256
476
206
205
370
617
535
252
492
108
506
155
1159
407
604
815
820
1269
168
518
461
79
378
376
805
518
605
981
1180
360
800
31
1081
555
1216
717
531
825
1196
196
158
757
519
356
38
939
680
706
264
992
450
375
1219
332
1119
267
1128
303
1210
1236
314
999
6
1117
814
693
327
351
645
819
1100
1137
1097
1029
563
367
738
585
339
207
778
109
602
283
1223
199
1188
1254
1034
40
727
1114
397
1166
1293
1008
488
95
221
314
53
568
1220
625
788
667
391
1304
1064
1147
60
58
566
153
453
1059
539
806
687
764
939
674
1271
306
13
392
1164
1039
586
259
62
461
997
52
1021
703
890
678
1283
1294
1274
922
329
1128
836
1094
50
1001
1292
634
370
647
324
1082
402
732
209
377
958
1288
1213
687
405
197
397
1293
196
324
1251
1139
491
447
119
293
51
1131
1092
1269
544
1008
1023
62
1271
674
726
905
561
228
442
177
477
68
743
355
1015
229
951
439
870
171
423
64
1261
612
1138
893
774
1268
435
997
1001
121
610
1298
1191
626
557
969
168
1085
547
551
823
1231
644
118
152
226
633
1166
835
803
519
1160
631
250
363
351
723
655
1030
92
431
146
498
1148
182
1302
170
862
1
667
847
121
869
598
1099
638
1248
658
535
72
109
664
386
1169
1179
1035
333
1107
1188
531
1037
872
1195
735
61
1107
903
946
1165
741
1015
127
269
1107
424
966
1124
911
752
470
952
910
1109
633
517
21
210
843
1198
126
66
206
243
20
121
658
120
796
1133
1014
852
1105
898
478
210
1043
920
933
952
371
76
1168
33
955
1275
1283
237
713
594
792
1071
768
110
1276
153
443
1225
1300
834
507
167
813
259
811
1273
484
102
755
723
509
1065
1129
782
1174
819
472
735
15
626
1273
154
909
761
631
267
411
1125
991
1
329
1216
876
259
1158
249
1187
856
206
631
1296
307
37
330
751
451
525
984
977
1031
887
80
1293
705
874
203
436
97
1048
53
104
293
42
483
594
487
45
511
1237
26
429
94
1246
356
487
895
244
6
559
1071
560
538
957
1090
703
333
707
972
301
539
908
92
1042
515
855
476
773
1261
812
678
381
834
214
832
1032
9
231
796
37
792
92
19
1233
740
336
18
982
1096
1059
1141
1236
44
827
365
380
317
542
391
1252
431
1033
1211
400
1281
796
226
959
138
1087
1083
903
39
595
47
1175
1284
683
1263
452
797
220
476
228
384
792
1148
13
444
1268
89
1111
533
503
479
601
827
532
1275
949
724
994
916
338
216
797
1059
488
991
1242
967
987
77
762
1015
417
1160
1227
12
452
170
521
224
157
971
451
956
573
1260
1245
234
635
614
1270
1211
888
1204
589
1231
933
615
114
350
113
502
179
177
151
710
390
1148
229
1295
313
546
743
344
900
496
604
457
1105
444
1192
387
477
1244
1262
179
957
1175
160
666
584
324
147
83
726
1258
628
32
142
721
916
61
1098
1105
182
271
1304
534
488
810
485
139
594
1120
1304
1162
1197
1194
527
500
693
88
431
944
155
1164
787
29
541
343
593
1205
43
18
826
662
844
1039
448
837
515
412
36
296
389
566
1029
179
521
1137
250
588
563
103
916
676
126
1129
522
571
1099
369
174
672
259
235
482
951
299
1036
448
1221
965
212
546
965
1289
1151
658
953
932
662
638
591
1266
84
476
1213
1008
731
883
444
414
1039
267
1120
485
1105
273
1171
876
993
720
45
117
1050
1230
1172
592
1227
780
140
1277
1227
783
317
13
1052
639
6
631
656
826
882
463
524
334
480
1290
796
1169
318
410
301
635
764
595
1292
1121
189
1235
889
690
954
117
570
916
404
615
970
466
206
257
429
266
1124
1131
1143
340
874
21
778
337
1173
178
1107
236
107
1153
40
396
1251
945
1052
869
79
1031
252
1039
900
257
277
218
483
708
466
838
350
589
156
309
1034
1301
13
196
157
174
262
1003
1306
930
584
799
1144
347
328
958
1264
1070
425
1061
1034
868
1294
256
475
402
237
375
1175
617
207
1107
689
21
129
887
519
181
298
39
1133
1308
770
893
503
841
662
565
892
1071
172
256
600
861
1065
1018
267
43
487
812
117
569
566
750
303
695
592
487
976
1268
833
997
1283
1209
1106
1027
520
32
621
391
969
830
769
124
308
534
1255
216
57
10
1215
631
822
530
1090
1284
569
1218
133
1044
1132
1140
350
696
880
384
988
834
1157
51
755
379
1173
239
153
367
800
666
861
499
140
1301
1042
1237
277
1302
909
1134
641
512
545
768
345
128
627
152
1305
1233
178
930
1145
818
86
1004
1254
360
794
618
459
711
1004
150
371
357
427
147
933
949
893
209
1143
1141
1215
1306
1122
1141
460
165
595
892
275
931
1222
934
756
674
237
366
1294
502
879
622
840
505
167
890
340
793
213
454
1228
759
817
1259
505
24
818
1043
935
848
454
1069
1240
100
1117
115
236
738
1085
1010
349
287
710
717
1080
1002
815
685
1269
1171
1249
846
1086
221
1034
765
633
1041
346
879
1015
433
351
903
277
153
275
75
249
971
55
126
163
690
397
860
104
957
625
558
440
61
792
440
536
740
382
625
187
1293
400
125
26
876
155
1219
1121
185
1113
187
1139
50
800
1101
552
32
796
163
1150
1288
159
222
521
1008
1269
654
781
132
1100
357
14
239
437
845
1162
459
68
816
319
199
1179
304
1071
415
1192
990
825
780
195
363
541
736
1075
73
326
392
812
791
653
465
487
248
1290
15
285
280
1106
1269
1042
967
1263
390
862
930
355
1164
468
25
1012
121
707
879
1113
922
91
641
102
1083
91
401
523
827
173
87
301
57
155
438
1218
772
941
690
796
188
1180
499
89
192
516
288
289
192
396
532
901
98
259
25
754
870
1128
477
917
821
421
516
583
724
993
1279
1272
579
362
972
103
220
1096
518
333
603
502
1180
823
696
361
1295
1186
788
1214
1223
632
606
83
39
1120
1237
1223
493
596
1070
1013
353
483
945
1136
34
404
1298
863
878
995
733
233
201
667
995
908
967
155
809
71
175
548
888
781
247
391
260
87
545
611
1245
851
982
161
1102
606
960
210
81
446
765
597
54
717
437
248
956
505
407
1153
575
109
583
1179
991
257
1285
838
1033
1085
444
433
162
657
1076
673
485
72
8
181
1057
661
1039
945
830
174
1190
1208
38
646
1145
8
1102
128
53
1033
1036
946
1069
608
279
498
148
914
1224
72
114
1079
585
220
898
51
877
503
283
997
197
514
256
193
384
435
1132
542
658
107
1176
1004
544
1139
998
789
1217
1092
626
289
95
1224
596
625
918
828
107
269
456
1131
469
329
721
251
1216
14
65
638
949
150
234
693
723
1261
1002
308
963
1279
862
87
485
740
818
638
1137
663
978
1036
744
639
369
155
666
745
379
927
894
258
882
676
293
308
339
288
753
1105
172
974
543
164
517
816
295
1206
1206
433
292
748
810
618
9
226
328
266
1126
846
769
774
276
90
814
565
851
1197
1123
314
1047
1267
574
112
9
1154
21
557
721
392
680
1049
1154
795
42
398
975
657
927
1170
986
1164
173
273
1004
813
1092
541
1153
208
1043
161
1118
338
271
1061
1142
1094
175
916
173
813
770
847
818
147
898
1111
1207
197
169
109
146
862
1266
1216
517
982
1078
371
1265
1289
1087
801
794
887
1028
642
636
736
356
30
632
59
1007
359
763
1223
1236
1074
848
359
310
139
810
218
760
712
260
1068
1153
526
477
1042
977
970
30
1178
674
422
20
894
831
1281
1230
1244
1246
764
786
1304
63
72
900
153
157
107
870
130
824
3
14
310
256
534
57
573
467
437
470
601
744
739
1169
92
916
1117
524
422
169
112
845
128
112
421
1030
137
1134
543
1298
934
1132
1193
446
1084
1267
1087
371
159
792
294
963
649
242
1121
1155
1273
648
246
336
612
560
298
78
691
1195
491
410
990
71
515
547
823
94
1140
600
186
567
1125
735
217
499
993
1224
445
180
640
698
1294
122
81
268
1120
952
998
898
357
1124
670
617
473
808
710
965
1208
839
751
378
465
971
589
709
347
778
826
325
1299
88
1212
244
505
434
1090
92
400
588
582
16
700
1085
1260
401
979
936
205
417
1088
157
1267
253
1031
1170
747
180
154
202
551
90
1136
552
30
115
41
206
407
782
981
70
396
1004
619
368
596
100
1262
987
6
690
1153
289
884
119
621
1132
865
466
801
925
1102
431
495
1187
537
433
1198
113
842
1081
169
1238
1182
235
646
1266
144
17
199
803
1164
561
1046
1066
616
330
489
81
201
480
35
854
426
836
1008
320
1077
668
642
452
147
49
201
1239
1227
179
913
1099
1054
326
664
992
1271
47
835
252
594
1060
1257
491
1239
977
237
898
42
700
1010
865
695
957
842
1187
177
523
1168
1207
1116
2
561
687
1291
67
363
94
297
380
703
870
354
56
571
51
593
924
638
800
700
64
1288
277
748
165
774
1230
293
119
847
569
975
919
137
1163
73
871
1047
3
582
205
537
502
81
511
222
737
863
544
1083
26
669
1058
803
963
1150
1224
186
1107
943
460
455
1155
923
1015
807
896
124
739
439
966
323
347
719
1101
725
132
31
1221
1306
821
451
101
842
436
1263
113
436
342
246
912
355
1070
462
379
779
272
725
600
211
619
451
665
1060
99
230
1145
77
675
533
925
413
1044
869
144
697
665
1107
444
179
33
790
279
1017
666
1220
318
419
988
69
430
616
595
530
1192
587
732
583
990
25
444
31
912
686
1041
451
321
1184
244
642
517
619
728
124
1223
353
634
884
323
1076
1034
1074
111
293
351
444
1273
911
167
146
1169
950
139
840
47
782
136
762
3
111
753
182
511
1141
294
111
882
1238
749
532
987
799
739
1191
634
1055
543
711
1135
350
401
1280
994
777
347
47
743
500
338
911
1309
749
753
1146
1262
1042
524
1021
181
834
95
663
690
36
483
995
835
1300
928
415
341
286
474
434
966
221
480
857
828
868
766
485
1094
570
179
558
175
219
693
1242
471
1262
739
55
773
958
1300
666
1119
281
127
160
608
807
789
494
457
196
1031
804
1209
687
1041
1241
1218
434
687
302
789
643
1265
110
1098
470
101
1164
613
1087
779
288
479
768
175
224
844
985
156
437
1103
332
570
1302
518
866
624
525
1110
938
879
500
444
805
279
1284
824
657
889
944
240
966
667
672
1143
366
1264
1049
266
1293
721
663
1263
231
80
51
1209
624
1145
736
18
167
258
1298
841
1269
1213
381
1137
710
790
508
212
696
1060
718
516
4
1017
519
1149
402
413
515
132
121
696
175
1061
810
1088
57
1172
363
726
730
448
264
579
93
948
1247
572
247
223
940
232
701
641
496
632
19
1249
767
1292
612
267
196
1156
917
432
432
452
513
311
624
1251
452
692
33
126
176
1190
258
692
1262
1185
50
529
559
800
14
1
523
310
648
442
426
1299
304
553
596
596
488
118
239
151
986
1158
56
697
341
999
937
2
999
669
400
120
752
778
6
789
821
730
596
340
1279
945
306
129
471
183
957
452
1169
178
482
494
937
225
56
932
884
352
59
794
911
520
1042
82
1154
364
968
47
680
67
969
981
862
1304
62
1262
760
999
1258
652
365
869
590
1166
349
95
176
1023
132
601
618
896
1129
49
1118
286
514
1052
11
341
85
247
1122
287
714
366
343
308
51
628
1289
821
868
1304
994
447
984
1050
520
1193
228
912
96
700
437
882
987
131
1294
1037
1095
687
359
1018
861
1300
1286
612
360
468
959
1273
904
1009
1309
1112
477
389
704
907
269
180
943
559
257
758
840
1047
250
1294
618
1073
286
462
1073
233
234
564
882
1002
590
748
1059
1198
624
940
298
687
1091
593
394
1277
685
142
969
943
1046
751
411
272
1031
522
616
994
698
910
1211
783
844
673
30
1131
170
189
609
761
1261
1079
951
384
1200
767
399
299
173
772
591
646
316
795
1268
425
363
426
1080
1299
702
506
123
13
107
1165
519
100
740
839
583
858
747
1125
882
101
148
677
697
1169
351
597
321
450
919
1278
273
1016
267
99
1072
972
680
221
142
922
894
621
57
1171
596
861
449
947
906
674
181
645
242
861
1243
493
699
440
745
607
143
253
451
318
1101
773
800
1028
15
36
738
698
643
745
550
473
176
379
305
33
630
290
90
614
55
851
47
340
486
835
861
1190
340
880
1182
816
781
216
5
1038
928
180
871
689
407
478
1132
73
333
79
953
1051
240
731
1271
727
1303
1067
957
1239
378
1043
1028
662
561
1306
354
1269
1291
112
654
161
975
628
389
31
888
105
176
100
988
1028
1077
966
47
328
775
642
876
159
1214
232
329
567
686
572
139
1039
440
1121
61
33
1083
11
422
647
1146
1096
1202
818
764
831
967
37
477
816
239
121
517
626
814
683
178
336
1217
906
1306
1103
628
1045
722
581
79
210
499
318
1134
1263
129
52
359
1104
938
795
1254
138
704
446
761
177
87
1189
493
1169
866
327
67
698
1201
1125
1249
817
178
98
1148
559
510
888
799
509
955
770
653
612
409
413
65
1146
999
807
26
1275
719
919
710
1009
960
82
651
848
997
548
800
864
765
205
734
230
296
855
1115
207
259
1139
717
591
1307
788
634
804
852
44
681
665
1279
709
1098
734
892
291
575
760
243
773
1046
123
720
190
4
755
479
1147
839
1232
421
35
349
893
614
760
1035
503
171
12
486
1021
1274
131
1133
583
591
419
350
653
621
1202
416
1248
99
596
752
831
938
457
638
115
911
53
9
1292
31
725
76
76
319
575
686
304
631
408
525
975
715
203
407
979
525
1164
1025
373
83
1118
1191
1081
115
169
73
783
1216
999
1263
216
105
789
848
839
523
1269
968
792
903
470
251
457
488
768
294
690
308
1234
288
400
314
323
423
313
872
903
635
808
11
935
981
1178
1150
262
936
1097
412
548
624
226
484
534
606
279
1013
683
244
859
105
300
648
621
634
505
113
165
690
898
1165
96
844
803
429
897
985
80
1030
56
148
692
790
540
515
1300
377
498
1044
1160
277
635
685
883
445
568
1097
351
39
527
1243
95
312
259
1274
55
442
265
871
784
1154
342
803
207
598
939
944
1044
244
487
1166
68
886
681
1234
12
71
708
792
1045
107
336
1043
1157
139
963
1114
961
1279
364
799
607
1263
1222
1054
155
415
420
141
354
461
801
1083
1277
655
1142
262
489
695
117
118
1290
962
942
886
53
124
1067
914
932
513
245
442
422
202
243
1243
813
1098
318
1018
1066
133
825
237
737
446
653
530
228
1280
97
630
970
739
23
297
174
909
1040
818
1028
403
919
1118
385
1041
1054
1195
922
489
781
66
1203
161
836
1192
188
42
1212
709
792
581
618
524
671
870
857
1140
857
860
1242
1056
1307
1131
1006
312
413
188
916
52
147
993
800
701
767
186
1155
752
414
516
499
181
500
527
755
493
1050
229
610
1007
722
660
984
500
275
82
1262
203
1292
779
851
63
206
507
83
597
287
1242
695
1278
285
740
172
93
1086
1006
112
29
960
925
955
567
1297
1037
101
472
1197
1165
983
1203
794
620
152
612
12
760
1239
455
722
585
100
1
680
637
434
574
47
98
364
1295
169
222
1196
649
1266
295
454
1182
427
849
583
187
300
412
621
409
324
585
929
1248
910
1033
206
313
1175
1131
221
26
294
272
322
856
1099
127
25
966
1094
1247
193
543
601
516
769
122
1127
905
31
1166
179
1281
1232
37
785
774
1293
546
50
586
1091
511
175
10
1092
826
518
892
1167
705
588
1149
1191
722
882
935
766
921
458
71
702
492
19
930
286
953
292
62
102
710
989
1038
303
38
1043
1078
181
29
516
1074
399
415
461
61
1161
461
389
1003
502
786
933
1297
890
779
1249
1236
205
1282
167
504
1270
719
985
730
1075
563
484
148
850
583
1200
1126
963
636
770
816
46
928
358
1212
879
1236
1201
358
271
968
380
238
1199
1136
628
1178
268
1137
656
1053
597
369
603
505
1157
160
757
230
825
34
300
1021
92
380
1112
1260
832
759
999
343
116
974
1104
671
670
986
34
215
773
1268
543
836
263
581
418
887
634
618
818
861
910
666
1229
1028
617
48
788
119
1088
529
380
824
1126
438
740
731
1041
601
1178
1014
939
109
423
1004
702
608
105
411
744
403
243
175
843
468
110
99
229
1253
611
1048
645
227
457
1057
1227
102
236
952
892
348
1062
189
43
875
1278
1187
234
620
681
361
77
549
900
24
332
134
494
839
198
975
398
1306
41
338
289
177
463
776
577
478
604
1306
216
503
215
205
808
778
366
689
154
475
162
406
613
1128
532
64
61
507
1142
767
104
1228
102
873
902
1068
327
334
1016
192
715
802
1056
846
996
25
230
104
1132
470
688
165
140
1034
409
1195
268
1013
971
28
922
1096
961
398
771
243
412
437
406
1244
179
611
1093
407
879
139
1287
786
1020
233
1150
292
502
8
586
772
1203
1172
331
825
1133
1163
390
500
17
1
459
1133
908
979
224
1290
1169
109
1170
317
901
715
1257
734
792
1077
1189
362
161
70
194
996
1175
533
887
1260
19
502
310
196
451
549
32
1116
1059
1301
119
287
145
184
312
1202
707
134
680
1244
1153
945
887
1125
65
821
412
239
517
1110
387
569
826
93
405
583
521
783
438
466
674
1196
550
560
1309
1070
531
725
1242
467
283
494
197
885
719
819
311
256
1037
1223
283
465
269
1275
600
127
698
780
155
568
356
309
1249
67
880
1120
1278
172
484
520
1162
1297
996
567
214
301
834
616
915
228
85
4
1281
223
788
758
6
298
1260
794
665
753
178
795
447
1187
672
300
481
1062
1154
379
727
95
430
985
639
115
972
886
909
1130
942
923
579
1267
525
482
355
340
316
1100
401
390
408
455
1018
1214
1181
748
315
1184
652
1101
70
1282
521
1151
667
623
1187
611
812
665
1206
943
57
398
154
1163
414
1193
1057
1258
1059
81
343
869
963
556
990
188
662
690
542
1176
635
750
1016
245
798
482
916
733
779
620
1283
266
322
1036
1239
856
818
6
1091
508
973
798
938
60
546
391
1240
347
1243
154
992
1141
301
147
537
109
61
246
391
148
589
450
502
721
1147
1010
207
1289
987
958
153
79
891
542
1231
885
632
610
583
825
617
103
989
552
692
88
815
530
801
1072
160
637
546
20
344
1200
305
943
67
626
454
1120
616
256
855
243
1204
936
1066
678
932
819
988
50
850
1040
12
751
907
478
1212
66
673
1079
4
97
614
1274
420
551
155
387
620
806
713
352
1183
229
980
1058
573
774
1288
963
1288
438
473
1012
1037
194
297
515
1262
1044
237
1160
172
746
1164
1190
1110
468
29
316
752
301
1050
1289
307
277
695
178
587
62
1188
823
195
641
480
649
1214
1147
776
467
34
510
237
229
173
395
1135
685
729
535
500
903
444
397
726
505
853
329
664
247
1119
821
993
767
1010
798
888
337
1151
881
984
501
89
186
871
716
732
1056
1295
580
433
1243
931
118
479
349
789
675
380
842
843
583
362
990
877
1145
232
443
1236
122
1305
495
325
937
835
1093
327
879
1059
98
571
424
1115
604
366
581
762
1191
766
197
885
1159
53
1072
1053
537
266
743
20
671
790
1269
1184
280
356
438
985
693
1219
1102
124
757
211
1212
1102
53
234
255
1308
971
45
238
1183
978
332
316
553
1268
774
410
640
466
204
816
90
966
1055
87
318
1057
973
736
310
55
707
393
1169
284
564
704
497
1004
960
210
570
414
392
933
296
1300
32
1247
759
15
259
488
507
412
1084
576
845
724
326
465
1192
851
891
1167
723
1299
814
337
703
103
942
418
485
802
138
540
656
850
307
341
1080
682
1274
74
994
807
928
356
113
167
536
212
828
524
504
962
1309
1028
853
1199
842
1015
479
661
227
232
1081
241
1130
289
334
231
284
702
90
1261
928
1021
632
779
200
722
128
1003
662
379
766
452
1069
619
1231
125
427
1007
29
601
1106
1102
817
794
303
732
34
1134
788
217
508
131
776
332
191
388
881
266
187
198
761
274
969
967
232
792
97
1201
855
1203
1214
62
741
404
985
417
998
1259
852
649
878
1074
669
215
99
731
54
991
451
1014
1208
275
139
159
559
1165
6
976
526
528
954
1236
258
983
762
226
934
683
389
1150
223
1021
337
580
383
833
19
413
506
19
698
805
4
468
358
195
544
679
947
1062
110
9
389
1034
111
966
449
1136
940
301
1268
774
1082
35
369
1196
1147
279
1034
320
627
176
719
911
1173
152
481
1199
1078
854
408
978
450
462
223
873
607
396
885
336
975
437
1232
1211
1157
986
727
395
499
1091
345
834
813
831
1015
195
709
1180
692
590
291
1082
694
875
855
1265
1202
119
641
283
334
1148
1090
713
448
449
103
196
1203
432
551
1128
1294
841
429
913
1087
524
740
305
907
1308
817
422
1043
249
928
1044
1008
208
440
1103
1060
38
1056
634
300
1216
642
801
268
827
734
215
903
807
435
648
356
577
1191
994
26
787
267
998
248
1027
414
949
345
973
229
1143
611
103
675
1050
1304
949
1239
1118
723
90
256
178
886
106
587
241
204
837
102
1073
427
103
581
1154
1106
603
748
775
657
913
167
626
36
221
165
244
65
989
736
804
163
709
705
361
489
1183
708
1119
439
682
1053
248
206
1273
727
807
105
1048
1132
169
1035
793
39
403
725
1055
110
99
965
86
633
797
898
609
785
339
145
850
461
167
381
398
498
1263
279
457
710
1259
1070
656
977
906
100
1197
415
42
367
623
1052
293
739
383
953
328
948
592
275
1180
462
967
1230
840
20
7
507
284
121
1039
415
381
1042
76
449
863
535
930
661
149
606
220
460
76
1309
143
424
447
42
783
264
301
958
1195
658
520
939
1164
958
673
1039
330
1191
973
1147
739
739
163
860
710
1181
1130
173
459
417
1128
617
367
852
1296
709
1126
9
247
129
1168
598
223
955
183
361
640
672
126
974
231
974
300
217
128
1012
800
1121
1213
547
937
159
183
739
609
455
462
1070
856
365
745
1164
692
647
770
465
1042
21
989
855
1192
1070
918
326
853
869
1192
1258
36
227
584
238
573
695
1211
723
1134
647
183
1215
743
1122
960
1086
567
446
196
80
991
583
1108
998
468
301
809
1202
397
456
1264
30
1213
149
921
353
1257
599
1143
848
1108
842
251
39
144
922
783
433
352
662
1003
300
138
223
1015
265
369
149
317
116
515
189
566
1125
1140
1102
865
243
8
504
867
18
1063
290
811
646
312
1025
356
1022
80
1065
1057
930
119
1233
665
1010
76
260
838
10
1285
1307
371
401
957
232
1024
595
269
120
354
552
35
635
945
509
778
149
1079
480
896
440
23
168
1285
1225
165
101
950
525
1199
503
575
464
761
289
255
1115
478
1203
493
294
1104
1303
110
12
1079
820
736
515
835
511
771
1100
1082
1122
522
1130
1180
879
1105
774
1261
381
845
728
122
995
142
211
380
138
753
440
489
118
1208
168
940
51
382
1128
1256
5
1242
1264
252
50
310
8
406
504
1080
226
374
89
541
1183
428
524
167
7
1037
1268
768
359
709
174
704
1288
910
1230
385
143
408
506
722
1237
840
443
323
171
399
1271
620
1192
746
916
729
978
251
1299
669
584
742
1223
173
580
928
424
350
151
605
193
850
261
963
275
922
1089
1211
1242
777
370
256
275
198
893
182
499
694
1065
89
374
6
43
322
721
332
227
898
960
655
460
1092
621
1169
1264
557
327
122
1055
759
627
507
873
1261
1111
1046
759
1123
149
245
1004
475
1004
250
728
71
1047
415
402
982
788
829
601
495
10
1262
1049
918
1290
685
588
1241
331
902
921
482
991
234
1299
533
835
1251
505
419
1174
1125
294
609
217
133
267
1293
756
1242
1166
620
1165
30
256
506
560
882
1151
767
1277
837
137
800
137
912
900
268
148
124
228
1177
79
129
1157
1219
387
162
1134
29
1031
698
45
1296
1044
191
1000
1246
495
938
720
368
551
764
202
383
775
902
786
130
1147
1010
90
1148
996
854
383
446
471
504
1259
496
1186
481
484
1055
700
1213
1051
913
155
915
318
26
125
692
846
198
465
1182
564
169
612
1090
894
814
661
153
97
496
326
433
166
1092
289
1203
251
429
1046
1085
743
377
283
865
1196
1116
72
376
86
940
112
406
500
231
596
410
116
1180
669
126
1019
1137
1123
8
1156
793
241
203
1212
113
616
687
525
445
1064
613
306
547
1147
664
182
423
14
316
1189
50
1271
636
566
108
229
36
681
1130
1110
885
16
215
908
363
561
187
81
870
347
119
231
967
70
119
595
185
406
332
214
1255
677
1018
181
298
480
807
1090
1231
1155
443
1255
101
1135
497
822
923
742
161
33
86
558
1107
720
1003
999
949
728
298
167
529
1306
385
578
318
940
317
6
375
458
864
789
135
763
922
1221
910
1103
858
553
381
1250
1227
243
536
955
1268
939
219
1025
547
1026
34
174
904
69
451
96
157
820
623
462
837
104
799
49
130
175
660
836
821
517
1146
843
501
761
1042
722
729
1064
1264
1263
492
604
351
1242
440
607
851
679
646
1157
63
1238
493
201
758
1214
871
768
634
391
900
162
316
1273
226
101
156
26
757
825
747
1060
99
849
449
687
533
1181
1185
187
899
1051
862
950
506
541
325
168
176
480
1151
89
420
150
1219
326
936
845
252
587
1156
786
1148
30
371
1237
809
763
182
404
353
284
1033
556
508
1044
1156
1308
843
1118
13
1115
1081
1119
1264
596
352
676
994
963
876
725
463
295
367
632
492
220
123
527
27
985
466
547
779
177
90
126
942
447
944
485
354
940
228
971
254
618
177
1165
731
88
1308
766
227
159
1307
421
381
477
930
523
114
105
201
872
1284
332
274
1121
220
220
636
432
212
1128
1030
1172
405
164
476
290
22
735
788
175
788
651
236
972
595
494
562
1285
849
1172
753
832
993
591
974
1086
236
652
725
780
749
1262
160
1275
1281
933
661
1235
108
1122
767
589
921
830
1208
769
953
990
1044
419
404
563
1102
787
752
904
235
1053
483
106
769
936
1179
271
119
1071
599
533
420
1301
144
1246
102
1195
1168
279
35
1211
399
789
1033
1233
480
1073
559
739
1181
223
307
1158
1141
771
607
199
169
641
875
145
751
751
1167
367
689
44
190
659
810
149
801
343
607
965
508
460
542
611
242
290
1195
293
726
918
917
698
975
745
87
536
688
314
138
97
387
198
1200
1231
71
1065
504
730
885
446
1015
1144
1008
986
638
568
689
595
1223
682
813
918
1231
196
794
618
857
1274
1225
262
262
1043
831
618
926
203
131
1215
1258
938
623
901
1101
219
744
549
18
846
517
1011
436
1073
1284
70
661
108
439
963
1196
98
1129
1070
758
308
549
717
193
586
602
212
541
697
139
416
384
1009
109
62
507
790
198
533
939
125
197
1028
626
773
939
110
400
1064
336
360
654
787
824
413
1179
863
89
1145
651
638
950
128
92
167
1203
1033
467
714
297
280
540
269
471
367
1129
598
703
251
188
34
1016
72
1161
944
1288
705
770
390
858
194
659
309
882
733
322
595
586
76
920
181
545
1089
227
154
961
410
1286
778
569
295
934
1011
577
58
718
1058
453
1140
1099
749
1225
1218
1235
589
322
699
742
680
23
1240
364
990
794
1079
368
651
368
412
879
103
527
849
210
767
874
1035
1136
553
470
250
954
746
1223
942
142
855
305
1072
91
682
73
324
463
333
1240
342
331
1286
922
839
1082
1000
1019
481
461
568
578
232
893
971
688
988
1038
707
31
540
586
317
912
693
871
270
1108
480
1218
468
732
443
436
1254
1272
961
70
567
322
557
949
321
81
816
504
1087
680
290
566
743
831
290
241
893
534
1183
951
1039
544
646
469
1102
1188
169
1130
285
971
336
703
775
1230
742
1172
1254
709
352
1301
1146
191
582
595
914
594
826
1037
1067
486
1124
625
39
185
650
30
167
273
11
1304
303
102
1293
375
512
576
1056
1122
1239
1264
548
1235
617
22
694
1154
632
1037
952
493
728
833
983
622
524
159
52
1085
1144
1202
401
1020
436
950
77
1047
408
565
270
66
1097
1041
473
1120
606
319
654
366
176
940
866
1185
3
445
225
863
107
513
780
1117
768
1262
945
290
553
911
1231
167
996
1176
222
913
1226
290
730
608
741
1047
780
155
808
709
913
1005
820
95
534
1047
676
942
658
953
807
285
308
201
353
429
11
1123
336
425
808
314
292
1150
1084
965
772
737
1228
56
879
40
1009
158
607
876
338
1282
414
1098
1227
1049
1233
686
4
1094
257
695
758
600
695
965
559
912
1282
650
282
864
970
912
127
1257
1288
670
1054
412
810
341
210
898
953
1098
270
929
15
1261
823
339
435
956
203
1135
779
957
1261
784
1032
725
522
1282
113
567
559
113
385
338
108
437
954
1001
357
1269
1070
1256
1076
879
1221
583
1223
1104
587
298
312
64
974
878
720
392
1153
418
593
72
1109
177
334
398
520
97
536
594
228
807
129
809
104
663
181
1135
7
23
833
1302
835
269
141
975
1204
730
1014
979
1195
663
1176
60
1217
730
791
187
429
476
247
134
229
1300
1007
476
1118
1111
1243
1176
1166
750
201
1139
483
834
821
75
818
134
1017
333
1265
319
940
95
925
143
560
767
570
640
1268
344
231
897
1157
865
125
1083
704
1172
259
129
534
553
957
400
40
817
1249
192
710
1181
227
21
499
461
11
151
694
433
1300
677
1030
720
555
19
120
20
266
977
1250
17
687
1080
128
936
380
208
74
1165
1142
203
677
252
1195
105
1097
469
252
1263
710
77
1306
1241
312
298
849
956
602
347
219
1234
1309
981
721
666
375
322
655
673
229
242
534
1051
400
506
1194
600
14
836
3
255
632
79
913
629
479
990
171
989
156
881
289
357
770
1271
763
865
636
626
932
188
347
657
1277
28
70
1077
903
1265
1158
911
1233
528
372
1010
1194
460
25
892
1233
684
642
329
907
1139
78
1161
366
226
155
1212
1202
1267
770
1294
186
374
161
1268
540
568
6
390
607
537
901
1212
1304
656
60
187
1030
894
911
325
239
92
211
454
632
494
21
1007
1086
657
424
1018
262
463
283
448
763
1036
176
1027
253
1272
653
599
322
512
197
687
439
154
682
290
1198
1219
1070
827
1201
219
827
544
1103
567
266
1162
320
1266
482
836
538
884
910
1202
1274
965
1179
366
780
1185
27
369
186
1223
834
314
703
411
1232
783
471
186
159
756
675
728
787
1045
1028
530
487
254
680
178
155
447
364
106
1210
252
852
848
942
714
242
140
366
202
1307
892
136
1076
389
215
1285
472
1118
1015
1115
574
99
418
1171
802
301
917
1193
749
1275
917
1025
938
263
1099
416
291
910
43
1287
288
858
517
521
224
142
465
313
1302
234
966
915
89
175
382
775
713
1194
183
345
408
294
1306
870
574
907
820
1155
988
837
857
1135
66
1084
654
470
227
444
14
341
474
1023
372
1154
696
527
808
193
1136
603
645
804
183
1205
531
1151
694
919
400
131
59
1049
226
249
419
942
736
90
318
801
359
365
1117
498
976
553
63
1021
704
307
367
1052
1146
371
90
568
110
824
1143
693
539
248
970
687
1265
1202
779
713
106
263
440
12
286
1114
702
954
504
807
837
429
1207
522
549
573
1175
907
697
565
1017
562
1209
677
647
405
188
165
1181
704
38
645
353
275
742
1254
774
510
1217
15
521
117
872
469
1186
190
793
1238
297
523
1155
1279
1044
244
1071
808
403
946
1283
510
726
657
121
367
493
349
27
1198
1252
933
594
608
410
899
283
550
169
775
1135
1112
179
635
113
730
477
532
679
849
884
163
919
1239
510
330
465
1141
20
1148
698
502
792
1142
1071
713
1081
454
870
571
718
707
215
875
797
474
288
704
866
257
1183
181
1040
764
694
512
872
883
823
13
1191
1014
282
764
43
567
1125
450
204
769
1071
471
1181
115
964
896
1167
1103
508
620
533
985
28
919
1196
142
24
41
856
54
495
7
509
486
407
1010
127
1093
866
163
1100
336
851
903
425
381
235
261
600
656
310
1112
308
922
331
892
170
43
1176
1096
116
893
643
857
406
436
275
732
408
971
1016
1144
193
274
252
642
170
91
589
377
226
460
1205
168
972
462
316
1094
667
365
1206
1017
881
1103
630
263
394
1141
418
1294
896
93
9
383
918
1156
500
1263
1285
404
313
642
998
380
127
406
756
251
603
1016
447
383
293
991
358
699
850
1212
960
1306
631
263
1138
88
1063
446
482
134
625
49
543
301
42
133
1031
664
1072
555
915
880
1005
704
797
1051
379
1299
574
1179
263
989
1198
765
1128
12
819
22
527
728
785
1020
1042
1083
121
1196
909
756
752
1069
978
1119
947
850
658
701
364
238
1051
1050
930
436
1179
16
183
1105
793
894
510
1133
905
911
987
610
1226
315
1084
147
1055
1197
63
577
1045
499
765
1183
236
666
533
827
888
723
912
444
471
293
1240
366
628
251
1199
531
1185
537
76
577
904
582
483
608
1242
36
999
405
812
240
240
161
738
818
822
700
845
342
334
601
1072
1253
397
1200
920
527
1162
212
1305
615
216
654
1082
54
1015
179
118
1139
942
1094
236
753
541
987
978
262
831
1228
7
900
1309
800
411
467
10
909
590
11
559
1096
412
146
849
895
1026
1053
943
316
124
931
159
1186
290
1256
542
859
539
517
326
554
1104
1066
36
150
1140
823
998
392
1066
967
1277
204
610
333
857
120
226
319
1067
141
149
465
180
470
792
395
701
722
298
640
406
553
257
1257
1037
487
1133
292
246
1172
338
623
738
627
1163
559
267
434
1023
1075
862
836
515
138
1127
987
553
1132
26
184
673
989
403
703
1130
856
1014
282
921
960
616
456
662
226
678
464
962
1180
1048
745
509
167
968
1101
41
845
174
570
1267
508
593
245
880
603
178
74
1299
1184
93
995
1195
1106
793
280
49
125
417
767
1024
955
320
602
287
954
139
1259
739
572
1010
310
759
20
130
710
65
157
397
161
432
859
715
1090
1176
1256
1158
127
392
344
1019
404
772
472
1181
1281
1295
1104
937
1144
403
581
69
818
703
794
1146
62
79
91
1080
946
457
695
27
921
272
782
402
781
636
1025
1276
646
971
1274
48
1166
38
1162
1034
1001
1156
421
616
812
207
381
1113
821
138
1076
338
678
431
1304
45
476
988
1083
124
1055
337
519
511
753
686
884
674
365
617
392
1301
406
527
1088
696
1251
1265
836
1010
784
241
664
679
796
677
1257
1015
1107
981
1151
1266
597
1087
1145
672
965
167
456
110
754
446
654
712
88
470
903
711
950
77
527
531
1154
555
300
270
505
642
356
1263
365
600
1147
870
693
967
428
702
819
499
798
529
321
111
1210
212
1176
1023
89
844
230
863
174
1087
789
599
55
80
528
479
355
1306
60
1136
392
998
700
902
263
1205
578
576
873
411
62
644
1264
34
203
126
532
118
670
446
361
277
1098
708
269
92
880
887
1016
1058
521
1027
821
536
218
1164
226
1147
332
357
76
682
316
805
1150
14
120
1151
1077
935
1192
225
1200
1208
196
38
1225
1278
1132
67
889
1084
626
738
162
261
668
281
502
1027
1261
1023
277
842
1112
91
525
1059
324
559
236
1023
306
403
1222
880
300
1232
938
1262
339
286
978
685
451
1134
844
1137
894
926
541
891
864
799
1303
1149
594
1160
1099
166
548
1242
997
1178
1166
843
1285
740
636
1085
1043
1020
1305
543
873
1062
303
1269
998
387
1264
205
361
490
1154
1105
811
1148
1107
1049
1144
714
335
295
905
999
1155
490
443
758
985
889
36
935
286
992
1201
744
1169
1245
844
767
586
1300
431
1213
871
821
381
586
543
1042
18
342
767
853
1247
991
164
623
954
242
271
1036
306
1271
294
847
1029
794
251
938
238
56
793
84
1227
628
49
73
83
306
810
410
953
996
854
767
1059
1218
1057
412
765
1286
863
484
1033
340
725
429
970
868
313
547
852
898
725
437
56
476
1228
640
693
303
1040
353
223
686
100
473
313
1096
375
806
887
46
738
1052
705
26
1261
695
59
206
653
1157
922
637
680
1180
1138
1221
711
655
403
1272
480
317
573
1187
18
983
814
232
639
641
382
1065
367
349
1238
864
1276
1093
541
24
683
530
775
1301
128
926
76
99
986
357
138
718
187
343
853
1178
911
1168
1042
163
103
755
159
45
393
377
1249
443
583
212
525
675
527
640
974
395
944
119
397
850
627
1036
1057
711
1138
409
645
1071
1203
20
220
1144
596
421
212
759
115
1198
964
923
756
593
1266
326
387
1261
87
1030
614
437
723
877
1095
458
585
206
730
218
203
1301
273
1168
360
896
101
1115
748
663
179
696
363
428
988
474
1139
587
1046
531
1280
482
1240
305
1233
938
833
887
807
523
1001
660
242
1015
87
812
171
864
1247
849
245
684
1024
1099
399
334
1293
130
728
116
99
913
15
550
1142
324
209
734
1287
785
767
1201
889
649
314
795
231
32
924
1026
1118
184
82
299
840
373
534
621
973
1255
130
775
1131
721
477
178
1188
611
993
1038
1237
1154
1236
1145
19
712
35
829
602
37
145
793
456
473
139
841
827
617
347
17
112
1241
486
796
488
992
1229
309
778
452
183
256
762
1001
1201
936
1052
560
123
181
8
266
317
26
912
1294
902
744
95
1034
805
385
348
1303
1302
1289
406
889
453
728
58
274
1041
130
846
607
399
440
18
518
930
612
1164
1078
357
17
651
950
612
1053
306
342
282
1119
509
581
202
1258
729
1083
1260
645
1
1057
652
1244
1208
378
490
822
836
1137
824
216
1245
608
838
611
1051
227
558
418
898
683
156
618
773
958
954
680
177
1148
675
80
741
1207
755
270
141
942
361
1093
462
865
1054
1256
79
166
32
1089
771
1037
622
160
151
565
671
724
643
990
156
1220
1220
229
743
880
1248
356
366
723
781
796
1110
1222
104
154
801
509
337
88
626
263
1307
956
865
1176
669
322
916
632
966
555
864
72
434
219
827
579
1127
888
1007
530
1206
773
1159
377
505
1299
1092
1028
857
1263
705
626
666
1121
1280
1152
99
633
1019
757
784
503
432
148
1220
580
1245
51
61
743
743
1305
160
1026
1232
131
612
1184
939
754
784
1261
206
653
913
1155
743
540
819
838
58
1177
1256
459
1189
364
546
637
791
1000
884
996
144
662
1170
747
733
20
948
747
1123
1158
986
743
807
927
369
987
156
910
905
710
235
947
727
1109
2
518
1076
715
11
315
62
90
711
509
775
912
324
1107
1212
395
167
1150
1272
294
317
538
1191
227
1141
61
432
80
889
563
164
183
1143
750
1124
1178
639
852
1250
230
36
771
444
976
254
882
604
816
87
454
901
796
910
1101
136
341
738
244
465
1141
1065
1136
1149
1248
157
960
1301
544
310
1133
360
778
927
113
97
343
241
523
268
264
130
336
489
15
51
276
743
928
137
510
1175
868
672
415
391
1158
1208
246
130
837
1172
164
515
759
20
223
841
879
613
285
1210
643
606
1132
851
880
762
254
884
1301
596
1274
542
939
120
305
1283
1032
162
81
485
948
46
52
773
1178
771
734
609
327
159
265
10000
1137
820
1266
1112
1244
267
1271
1174
1140
600
1269
1301
344
302
1094
1256
1210
1276
1193
1230
1181
1019
885
145
834
713
881
1085
1200
814
501
781
1299
983
1135
1088
593
1251
803
1045
1114
670
273
1218
145
1192
1253
1265
1068
1092
824
766
1089
970
966
1172
865
1140
1291
1272
1044
1177
652
979
1151
927
1274
821
134
854
1050
704
1236
1007
851
1133
489
921
1244
1183
1245
1011
1306
1078
783
512
1131
1034
418
1257
636
889
952
446
929
905
1112
583
1197
1254
829
929
1176
1191
1248
1184
445
260
921
1208
1151
837
1235
1237
1068
1122
1105
939
1025
1186
1265
1125
608
1165
512
1122
1183
1221
932
760
839
968
1091
1056
1143
1261
1100
788
993
1024
1154
639
1218
1052
1272
1154
1217
1267
1084
978
1197
1162
1268
1294
610
1228
1233
611
1115
1131
981
384
1106
860
1196
957
990
1058
1101
1192
1213
1005
1143
1265
404
941
663
995
1278
929
266
692
1263
1305
1130
1003
820
1290
674
981
1169
1229
1303
851
1142
1119
587
1074
923
499
1078
803
1234
637
565
969
418
1254
1287
1089
1106
728
1062
917
733
571
1300
1299
846
684
1166
818
1172
815
494
775
1308
1182
1272
856
341
1286
974
1178
889
570
1129
1099
1071
669
1136
1253
1184
1120
1275
1237
968
1239
1106
1074
1181
570
1290
1059
1192
473
1248
1304
235
1229
1291
522
326
1307
1148
1129
315
977
1291
863
1308
1028
560
1242
1021
1262
1220
1239
910
1215
1273
1127
1307
1182
1167
745
1127
1232
215
1007
856
1158
32
1182
1285
1040
991
1099
1297
524
1082
1206
1132
1293
1183
1233
1100
1308
891
1063
1295
1038
944
1142
754
1053
700
1205
1162
1000
945
1073
385
725
147
1004
1136
595
849
1290
963
1138
1266
1289
999
960
869
918
1166
1207
996
970
1073
1279
991
822
417
1160
790
541
804
714
1289
729
1101
921
1208
1152
917
1120
1197
969
1186
925
1056
1275
1298
1269
1237
1232
1227
1295
998
631
428
685
609
1096
938
963
1086
1211
919
939
1284
959
1077
973
732
1220
1260
1245
1280
1192
820
1296
1054
1056
1076
921
589
1124
971
749
1132
1169
1156
919
1063
650
762
1138
863
1173
743
1064
1219
1254
1193
1288
587
1233
1172
1287
588
610
1110
1233
1052
827
1133
1301
971
1217
815
852
1073
1291
934
739
1181
1263
840
1230
493
714
1264
517
1285
948
1232
1068
1289
984
347
1286
1245
842
957
824
703
1129
1267
418
1037
380
194
1151
1209
1288
1230
1201
1282
1302
864
1011
1084
319
1271
1307
1241
559
1178
510
1304
1112
1169
1087
1216
1257
1284
954
1187
926
533
1025
1220
1079
935
1070
959
1104
1293
551
1131
671
1129
331
492
1035
944
1125
663
833
868
1287
681
883
1027
627
1025
1190
803
749
1103
1164
1297
1027
1241
1108
1202
853
259
371
1293
996
1081
1248
1193
1173
1212
884
1109
1292
863
1184
1291
1058
672
851
917
1118
410
1225
1014
873
993
446
1207
893
929
1232
817
869
1073
499
1040
1089
614
210
623
763
1255
1264
921
1015
1235
1011
1271
1066
1092
1163
1283
767
1159
1101
1309
1243
680
839
772
881
1021
743
714
1295
740
1049
1149
1291
1130
1274
960
897
1186
1171
1283
1116
972
1009
617
1290
569
1106
906
1061
879
1139
1308
1275
507
1264
403
1006
1132
1154
1242
917
553
1303
1082
1189
527
1216
758
380
961
1027
1306
1157
572
1233
1289
997
1299
514
1076
1297
362
831
946
358
1079
1106
1302
1124
1009
999
1306
625
889
993
524
1134
763
825
1202
1010
695
990
632
1288
865
1182
831
1082
1247
948
1141
1274
1101
1063
1236
1281
1267
1253
1131
1046
1161
1124
765
1120
1273
500
780
294
1237
1229
1272
1152
1248
740
1251
1297
912
1111
741
1252
858
1041
492
930
1102
877
638
607
1054
959
1254
1133
999
1283
1302
365
846
1283
929
1137
994
1229
924
1271
750
367
341
875
1196
1233
925
1271
292
922
977
1290
983
528
980
700
1278
993
734
329
439
968
989
1162
1300
1280
801
886
1203
941
1169
972
1026
1258
1174
1288
1247
260
1067
1300
1266
1187
749
965
934
1252
1293
1298
1269
903
1060
1277
1073
1059
491
343
809
959
441
1274
1258
1211
1245
1251
981
1033
1103
1274
880
1187
1220
963
1211
833
1263
1051
1034
633
401
815
976
655
1003
1036
643
1081
1287
641
983
931
1049
492
888
1190
829
93
1064
1112
1045
1095
336
1126
833
872
1168
568
1081
725
1166
1234
1187
1114
1114
494
1169
878
1265
1297
827
284
1202
1208
1140
413
1137
1038
485
857
1251
1255
505
1302
610
407
366
1218
1261
422
898
1075
361
1018
1239
1281
552
1239
1100
944
1058
1081
1290
1140
829
1226
1309
1215
1270
988
1267
306
915
1120
1097
687
1288
1055
1244
1298
1105
1193
1107
364
1236
1295
983
797
610
1102
936
328
1196
386
1236
1260
929
1299
1237
558
1291
1030
833
1273
659
835
1158
1267
781
1304
1237
718
1131
940
641
1247
952
1211
1219
1299
1224
924
1281
1296
1096
1094
983
928
468
1305
925
1267
798
608
913
1305
849
1111
1233
493
565
1258
865
620
1214
1282
813
1039
1245
968
1038
492
1293
1269
1309
1288
1309
1257
1130
605
939
1162
713
1120
1294
1181
1285
1157
1285
923
211
777
1299
1270
862
755
801
1196
70
995
1165
448
1088
793
1285
1158
878
1239
1279
933
1117
1179
1227
1277
921
1287
394
1242
886
1294
1293
884
1197
248
1248
1257
1263
1191
755
1087
666
499
1105
1030
1245
732
530
1099
422
1169
1304
1199
985
1085
1242
658
1088
409
539
1288
584
1271
1206
1083
1123
1300
1073
1280
1306
1264
1169
1151
517
1294
1245
1115
932
274
1120
1302
1203
883
1227
687
43
1165
1293
752
730
1188
979
1221
1269
1074
1239
950
1022
773
1286
916
881
880
1290
1135
1161
875
1236
412
881
1287
1297
1205
1094
1281
1258
1246
751
984
1140
899
721
1178
799
1050
1246
1148
872
1247
1043
1087
731
1219
1188
895
1269
1234
978
1035
1129
1024
1040
951
1150
668
1288
324
1200
1122
993
1168
946
1249
1295
1193
761
1115
749
657
1254
1265
1114
1039
1304
669
1231
561
1308
1193
1245
818
1261
1275
1273
550
940
1149
474
549
1193
237
1282
1230
762
1266
1205
1253
1222
908
1297
1203
768
1293
1211
786
1294
1308
747
778
663
559
1000
1170
50
906
695
1240
1121
1209
1135
1099
1261
1086
1302
1298
1118
1264
797
1019
1292
1067
694
1285
1262
781
909
1249
1065
534
1140
1141
721
780
1290
1185
1115
1286
997
1067
1141
1236
772
979
1264
825
1308
1092
245
1046
1202
950
203
520
988
82
1292
1178
85
1115
538
1102
1141
652
762
1026
257
475
682
968
866
1307
1196
1248
361
1204
578
1274
722
707
526
613
392
1204
1176
1076
1145
1181
670
932
825
487
506
1294
924
1023
1066
851
140
1020
1279
1067
908
1048
1264
1118
332
1028
747
485
853
881
1073
834
268
1209
1213
851
1263
886
1184
1301
1301
1278
1099
949
1301
1207
487
1265
1013
377
1083
1279
990
540
1145
1071
133
619
500
311
1204
1153
299
1085
1264
1286
1060
1288
860
1170
1299
1157
1077
936
1282
1033
1298
830
1073
1308
1291
1205
502
427
1299
1271
954
858
960
1247
365
853
526
1153
1040
477
818
1299
1224
841
1032
1117
1153
1142
623
1186
1090
1142
1270
1222
1233
252
976
1301
778
676
749
523
763
963
618
790
503
959
952
1214
863
1127
1304
1268
1193
928
635
669
737
1067
1084
1303
858
1209
1308
1227
1155
743
1092
959
899
621
1229
221
1236
736
920
1180
1251
818
1182
1207
1019
618
1227
1012
904
891
851
294
1193
1098
1297
1288
1270
731
474
1126
836
1292
1148
225
442
1253
998
1267
932
547
613
1117
1296
273
1282
1283
879
1029
1270
1301
856
976
973
268
1164
1114
1297
827
1262
1257
1299
1093
1072
563
1186
771
1181
802
1232
1190
1172
1302
1103
1305
1251
659
1079
965
1307
1026
1118
1195
934
1200
1214
908
379
167
1147
1302
1015
517
1252
1079
1225
939
329
988
1258
1018
1249
1184
1299
939
807
1300
1118
1176
1043
863
1236
1162
1085
1188
1246
1297
1103
507
848
1247
949
575
1007
748
1309
952
1136
752
747
1277
682
1297
1203
975
1267
1218
806
1273
837
616
1192
1158
987
1306
1225
861
996
686
1145
315
761
908
761
1309
1117
904
1031
896
1235
1294
693
1309
1080
1283
1307
1165
1264
542
1296
755
1089
1261
912
1275
943
1128
1117
688
935
756
1130
733
1237
1081
673
1261
161
1309
908
646
1242
1137
1037
1270
1040
883
991
1293
1255
991
1214
1238
1148
1206
717
1194
1244
983
128
560
1223
1243
1308
1296
1072
1002
1244
570
1276
1215
1109
1113
1302
850
116
1019
567
1085
1050
1190
1006
1182
956
1233
1089
1261
1245
1012
863
741
1198
743
909
1214
1218
1225
1110
1211
1091
528
799
1121
943
143
271
1272
232
688
1170
1233
898
1157
618
1229
953
538
1155
1214
684
961
1306
478
1302
1126
1075
644
1283
545
610
1231
975
902
355
1000
1060
732
1234
1296
1230
1056
737
419
785
737
1200
1223
1013
1115
1222
288
1291
925
1269
954
1233
1233
1006
1117
997
1305
1186
1209
1001
1238
1120
1044
1076
1289
516
972
983
1287
1010
1085
1252
1172
1129
105
1228
675
848
907
1241
1080
1221
843
1288
606
1262
576
1011
1079
1245
881
990
405
1195
600
1249
814
847
1182
1200
838
1266
1153
401
1106
1206
1018
408
1262
1017
984
865
1196
1199
1274
1285
1052
1210
1200
1282
349
1180
1245
172
621
587
1172
1261
1130
821
900
1252
732
932
1284
1209
961
1243
1079
683
1294
1068
995
1223
553
408
1244
468
1287
349
1291
692
899
1175
403
1043
1091
872
186
1196
937
1168
1024
1104
1076
1014
371
1130
1183
739
1147
918
1158
1252
1177
361
1161
580
830
1303
1298
1273
1259
421
1177
946
1212
1283
883
1263
1032
733
1143
1144
1297
350
560
1114
1236
630
1293
1039
1168
152
238
1239
791
906
1254
918
782
804
1046
1280
612
841
660
945
869
1299
1278
379
128
1192
911
749
199
1185
1236
808
1146
736
187
757
1115
1124
1277
1047
1172
1147
1276
896
1183
1273
965
1093
1005
1288
1230
963
1208
751
1110
982
234
702
547
413
1193
1254
1139
740
1304
670
1209
1254
643
1291
500
958
740
953
802
1218
905
1207
1174
848
719
1088
954
1297
877
1066
1284
889
1284
1292
615
1296
541
1304
1203
1077
844
706
1288
526
790
1143
948
1255
695
857
1263
381
185
1295
848
1109
994
1269
820
1292
1232
906
717
808
93
416
674
748
1112
1051
1026
272
1046
1137
865
416
331
1210
1295
1035
1128
1187
1223
1189
473
906
1150
1267
472
1303
1140
1223
1131
1299
988
1248
1020
897
1120
1283
788
1139
491
1243
232
535
1220
393
1285
1144
1201
573
901
617
899
1307
1028
404
1093
271
1213
1226
553
596
663
621
810
647
576
304
1095
919
758
823
1274
634
724
822
894
1307
467
730
702
1309
1182
452
992
665
1264
1073
1267
1290
901
108
1267
856
1246
919
793
1277
1251
914
424
979
697
746
414
1182
1189
992
1176
1281
1305
837
1273
1249
1173
342
1281
391
1243
1247
1224
1033
422
1156
976
1028
1049
1022
803
985
1265
1230
1169
1198
1257
760
842
1118
574
937
814
449
1155
368
1266
1150
1293
1281
1184
1075
1107
1234
924
1177
1306
1231
929
786
679
795
956
631
1296
727
1257
986
610
1306
1146
1166
575
141
1179
1147
801
1086
713
1070
832
1026
1256
817
1284
467
860
1093
1239
1050
941
418
1054
737
1227
401
1135
1188
1214
1195
1306
1294
1284
1030
803
1181
992
1136
161
1117
1309
1223
919
1237
847
1105
949
827
294
943
972
1302
1280
812
598
564
695
1296
813
1159
1281
1286
1193
1145
184
921
575
1293
1158
1290
1106
1010
1092
484
1287
783
1184
1034
1053
617
1250
602
576
1187
808
813
1238
586
1069
1107
1232
891
654
935
1301
1188
1195
955
1152
1291
1239
1061
1161
1265
655
1309
1215
918
953
1085
551
1242
717
575
1018
1304
836
1180
1141
1217
1054
1272
1280
920
1169
1175
715
1290
405
1048
846
1178
1215
562
781
814
1039
1172
805
1303
915
1159
854
1202
1155
186
1116
726
1285
926
1297
1101
780
520
316
684
1109
1248
1182
1147
515
1249
1279
986
1138
1243
1231
1110
438
1220
1235
1212
1231
1187
1206
205
803
1113
436
1190
1153
1246
1221
1042
1124
1119
1195
751
1246
668
1306
1080
1233
246
835
621
471
1221
307
948
920
1168
1231
1131
1264
1163
1266
1304
488
1098
956
1004
1045
405
912
1234
556
1122
1300
1306
667
986
1047
1054
1235
1200
1080
1297
964
1043
1270
1305
1237
569
175
1096
1232
912
1293
495
765
923
1117
537
1068
1263
1132
1182
1090
873
1228
913
703
1307
1146
1265
1248
1026
729
551
1187
1297
626
673
1222
1045
754
1243
1128
1271
1184
940
700
1306
837
872
731
850
1265
1181
1111
1284
1287
1257
297
1303
1089
1105
456
697
284
1278
1296
1112
1082
761
841
913
1253
635
605
1258
885
690
553
1286
1243
739
961
864
298
601
1153
1165
1146
1175
1162
1079
1033
897
1232
478
1054
1145
1001
1274
519
987
1283
1251
1308
1205
749
1003
1005
274
1012
1093
110
1227
1133
864
978
1028
172
1308
924
466
1212
1133
1174
1239
1249
1243
1249
1169
1279
727
443
1206
1011
1276
881
1191
1272
1004
1289
1057
547
977
1123
1154
1139
1303
1303
944
133
1216
1304
878
1273
631
1281
753
540
648
1303
1291
1188
367
825
1298
151
1287
976
1014
1180
730
951
777
1286
1267
1012
1081
1042
711
1146
1243
1195
555
1158
1252
999
1132
794
866
1114
1003
1215
1259
850
591
701
1039
659
502
1239
603
1289
1209
1283
1283
1052
789
749
1296
1276
1156
1263
656
1245
1301
910
531
1255
328
605
234
773
657
1019
1110
1181
1241
1303
483
845
988
1237
1060
1168
997
673
1259
1309
1293
803
649
1295
1289
1283
1230
1274
964
770
738
746
624
462
1187
1288
855
820
957
828
1189
1074
1256
1217
330
309
1305
614
1073
1212
532
387
741
1136
1306
1195
1208
1295
991
929
706
1085
708
1134
740
1271
1222
615
654
727
1125
1284
561
600
1189
1112
1290
1197
1166
1218
972
718
293
740
435
603
1158
1298
814
1187
563
676
1050
281
1045
892
616
1237
871
706
1257
381
991
1152
632
942
905
1275
694
1043
1182
1263
1288
347
666
1178
1305
1259
852
1300
1215
1099
902
884
1295
863
599
1286
1069
792
1127
484
1290
1277
280
1292
613
1168
912
1269
1309
1157
835
836
961
1108
1274
1234
683
1250
1239
994
1287
1232
891
1109
586
1190
1104
100
922
1033
1134
1161
1029
648
422
1285
1299
1118
1264
1164
648
508
1210
1216
719
1307
1138
901
1287
1142
1028
1250
1280
1238
1044
746
671
1032
1137
894
590
988
718
1234
1252
1197
1111
1055
372
793
1230
1225
1234
1289
1016
542
1247
109
1151
1300
995
1077
870
994
1087
1075
1213
1294
1059
1102
992
1073
917
497
1261
903
742
1045
343
1053
1306
370
666
403
1157
988
1020
1307
1210
607
1075
1170
373
454
1275
1270
1290
667
1129
1210
1254
1302
997
1027
1289
1288
791
1198
631
1171
1173
986
367
911
1062
958
684
745
818
1176
1308
1086
1156
522
1218
663
843
892
1245
800
884
804
1053
1144
1144
589
1264
1069
1094
760
1108
691
1294
1280
1100
607
1102
1157
1291
854
1118
1285
1293
1230
1253
986
929
705
982
976
1042
1305
1243
1210
986
1275
755
1205
512
1259
1285
997
639
1197
1285
1012
1261
454
1222
1153
1304
662
1101
1008
691
1260
838
1190
681
1204
557
1223
1181
882
516
1268
765
1188
967
579
1307
1184
1238
390
1303
1156
1196
982
764
895
937
359
782
1182
527
1306
1284
1261
1086
1167
932
418
1153
1307
1070
970
965
546
914
1046
993
664
832
488
1150
1147
1137
1021
1284
1183
1170
1269
1309
1125
1195
1123
359
887
1108
364
1217
1283
982
1246
944
1265
879
1303
1193
894
907
1162
1099
473
1149
1194
821
1016
653
1265
856
1278
1271
1208
542
941
1134
1252
932
1075
1080
1296
771
1266
565
920
1011
1195
1084
939
652
852
1282
1197
1083
1113
1270
1290
1186
1305
1144
1131
494
1198
1138
1305
1138
411
1165
1154
474
818
1305
660
890
1143
854
1018
1006
259
260
1054
931
1201
942
912
985
1065
809
1012
98
867
734
1265
788
663
936
716
1304
1277
371
1111
1043
778
1258
1232
674
1213
1042
1265
1134
868
1167
1113
465
1093
620
1155
1303
376
475
899
1049
1269
858
970
1082
1189
444
891
855
718
1042
1164
721
234
872
1163
860
1298
355
1113
586
1253
1230
1298
877
1128
725
1176
1226
1260
582
936
721
1191
909
737
1036
1176
460
1299
206
831
584
1190
1288
1060
1127
1293
1027
1172
1114
609
1216
686
120
1047
1263
1088
1256
1202
966
642
997
389
1141
1266
1091
900
1049
825
1080
1011
1292
439
514
1303
870
968
983
1294
246
1269
1218
113
1266
849
1192
1254
1272
689
960
1252
1101
993
1238
1290
1292
1274
1256
933
1063
569
1068
846
765
1225
1292
1303
743
1216
1181
1216
356
1197
1115
851
1019
1234
1249
1027
1005
778
1295
1287
854
1216
1235
1254
756
906
1016
1258
1249
1302
1152
912
1264
1121
543
773
981
1176
330
1052
1299
1264
959
1078
897
249
635
1091
1220
1139
1048
1301
1157
616
1285
1283
893
1265
836
1169
624
817
690
932
1277
1095
1036
877
1144
1209
1269
335
677
587
1175
645
1114
1027
1246
721
1153
1198
728
1188
926
606
699
1212
1203
620
1297
1072
1174
1103
943
1087
819
932
1091
985
1014
289
39
643
1221
844
1297
1149
1255
737
1226
1268
256
836
1230
761
1221
1165
264
1144
1061
996
1150
769
1229
1126
424
1266
1307
1188
652
1101
720
1061
1135
649
1168
556
726
1064
1167
863
447
219
1021
441
1219
723
1080
764
1239
1034
670
1227
1173
1203
1279
1287
1011
888
1057
1303
1016
796
1200
938
567
1265
795
1217
590
381
771
514
1298
427
879
1112
1015
1091
663
1285
1231
1286
1134
641
1009
1287
1013
1170
1221
1229
1282
1114
1263
1289
1225
1164
877
722
1095
1268
1165
1101
878
1229
1184
1203
1252
736
815
427
723
1179
1045
1169
172
1133
978
433
890
1221
1074
1287
1285
1212
425
966
980
918
401
382
1044
858
1219
885
958
1042
1105
814
1247
1115
1002
1289
1267
725
1261
1298
1160
1191
67
1187
902
993
983
1164
1021
1281
1282
1247
1195
1171
1064
921
949
1195
1258
1179
275
890
1081
1100
1104
988
1184
448
1126
693
1267
1267
391
1146
1185
1113
718
937
403
891
1022
1143
1225
777
1208
1139
1207
957
651
841
1260
1141
1271
1308
569
1160
1303
924
1289
1300
1274
840
1219
1121
1217
899
1185
913
1212
79
921
1163
1246
451
1023
1309
1251
1128
912
1035
979
1110
1072
490
1038
930
394
1094
1238
1271
675
1065
1185
1003
1290
1290
1232
1082
1104
1261
846
1293
1238
1270
1256
976
944
1306
679
1027
1007
790
971
556
1005
161
1100
68
636
669
557
996
295
660
965
915
1201
777
1071
791
1292
1087
1250
1252
950
496
268
879
1059
485
779
908
1220
290
1294
1032
1303
1302
1286
1237
1249
1183
1270
1284
1209
649
1211
1015
1249
882
1044
1167
1216
1298
735
822
348
1275
669
754
1267
1288
1199
1056
923
1028
572
847
1165
908
833
1225
719
1015
1014
1144
1059
905
1225
1127
1305
744
1057
890
869
1296
625
238
510
1145
1127
1290
1210
1122
1275
673
648
1001
1115
749
1201
1287
1100
1109
1247
1064
1078
783
797
668
795
1198
655
1306
334
1275
672
939
1087
1111
1260
822
604
726
989
814
1288
1286
720
1292
1292
1025
1252
1112
539
1285
659
1061
1201
1249
648
782
797
795
420
1249
619
243
610
1283
687
745
878
1096
288
508
1207
738
655
1275
443
1298
1279
911
709
1268
763
1176
1248
753
1220
982
853
970
1192
1230
1296
1040
1308
853
821
1293
1061
1059
1172
413
1247
1292
283
897
1299
854
579
290
1273
1206
1221
1255
1178
744
949
832
454
638
982
1272
938
1155
1010
1227
774
1169
928
843
1129
575
1032
721
1248
1271
678
1076
1101
1189
671
1115
1213
1280
1164
957
895
1286
1073
1285
857
1298
1075
417
1217
190
1274
1041
932
1104
1219
1087
1244
1297
839
1259
1223
1241
453
933
1262
1302
729
1133
600
305
1179
1227
981
358
172
1213
159
695
975
726
977
1102
741
1290
1153
1111
1221
951
1277
975
517
1253
635
1088
1010
931
1163
856
903
1097
54
899
1136
1206
905
910
1007
514
1093
927
809
1219
1227
1001
1259
1067
1191
1247
1269
687
1289
1250
979
997
1187
1021
1036
1011
1041
1205
835
589
1239
1151
743
975
1260
969
631
445
1234
1307
1086
758
914
1256
756
1286
599
938
905
1294
946
841
1208
699
883
1291
307
1014
999
866
872
1097
1171
1185
436
267
1289
86
1242
1184
1192
484
1260
984
194
1206
893
1296
1253
331
461
1197
1014
1277
883
1239
1196
1230
1168
480
1164
1032
1005
590
1194
1149
1045
720
1159
1305
1260
369
1059
1232
1163
1029
784
1185
632
1192
1156
972
1069
659
1224
1089
1266
1233
784
1085
1285
1141
1064
527
832
1100
1285
929
233
659
1220
1022
526
886
326
1220
815
1254
402
516
934
688
777
1239
523
355
1224
1246
1122
563
1056
909
1279
1191
818
1100
1267
1181
1234
703
1048
1294
1262
995
741
54
1191
536
624
914
1309
791
947
1199
1301
1121
1240
1277
198
1014
791
690
1150
1044
900
1027
1197
1309
1123
537
736
308
521
689
1189
1089
726
896
1223
1290
905
1163
1138
1008
260
877
197
358
1162
1260
1057
1280
1120
989
935
1037
1301
822
1119
497
234
262
1134
1159
811
933
693
342
1306
1175
1211
1305
1175
1283
1241
499
1200
817
1214
658
1301
1303
1308
1119
1241
1257
834
1300
1081
799
1010
1010
258
776
1097
1106
655
618
1289
1097
1091
1304
972
1285
959
1159
1205
1040
1059
617
1030
815
543
1306
1291
865
1106
1144
726
1255
1017
818
1248
1008
1288
1089
460
1305
947
1048
1280
881
426
382
1273
886
1292
1011
127
1228
542
1309
1290
1296
1244
1217
1218
1156
869
1065
541
936
1249
1141
646
626
1246
787
1230
1017
435
1254
924
771
872
547
1102
940
1271
505
1251
812
1156
1146
891
1016
1300
791
1153
1301
847
573
854
1243
755
738
865
1099
849
525
1251
940
1308
937
920
1302
1298
1247
998
1179
483
799
829
1196
1271
1165
728
393
765
215
1287
1289
755
1269
1301
751
1152
1111
886
302
461
874
344
786
902
642
1304
1082
562
1304
1306
1139
694
977
936
997
1207
698
968
1052
1065
1201
601
1087
716
1280
1096
1208
1039
105
1294
903
864
1007
1117
1283
1130
1107
228
723
239
1022
777
1233
263
791
798
1117
386
168
1224
989
1022
1154
916
1269
804
1173
1070
1175
898
1168
513
791
1111
1301
986
1288
1305
1005
1300
1151
1099
1298
792
1244
962
656
1180
1299
1067
812
1035
857
892
680
1054
1202
830
1262
1053
1277
1115
713
511
1209
536
1281
943
990
436
1201
751
1268
941
1299
1017
962
1309
1256
1232
1169
1286
1225
1273
841
1075
258
998
552
1057
1257
814
1304
1186
1296
1181
995
1118
1082
1306
1305
1164
494
559
1107
1273
1023
1026
1309
1267
1271
1238
873
1164
1260
1227
1070
1079
718
826
874
1257
819
1299
658
1152
758
1164
1293
1149
1149
966
1276
1152
1105
1174
1308
1211
979
959
1037
858
1309
901
832
1309
1227
739
1012
975
1280
1020
1035
1055
1177
1031
1167
1238
833
1130
1268
941
940
1244
1124
1145
388
267
770
1290
1269
1220
1206
606
1202
1101
1035
416
528
1254
857
929
508
1292
1269
969
538
1258
1182
1302
958
1050
630
435
498
1223
880
459
811
1037
938
1283
1200
1224
1186
1120
1257
995
796
1263
1090
869
916
544
1205
1285
840
1238
1115
361
1253
1177
1137
292
1113
1008
932
1199
905
1183
832
921
1000
1262
1235
1039
609
1112
862
881
1287
1266
811
528
1066
1034
1034
667
1194
1137
1163
856
941
1083
169
461
818
1268
1227
847
658
928
446
747
639
611
717
1005
690
1198
453
986
140
490
1233
916
1060
1197
437
905
1273
1067
892
411
936
1194
1021
340
1271
752
1220
594
1274
1090
666
111
1288
1210
1131
1030
1306
1166
1304
1078
1104
1253
1255
1172
1271
713
1083
1307
385
1297
1301
879
1202
980
1289
633
1187
1182
895
1115
1304
683
1175
1275
1202
972
743
538
1002
1242
962
629
1249
1086
910
818
1176
872
1089
1221
1188
1136
458
226
1225
945
495
1197
1233
1125
1275
845
935
935
1093
1273
1060
1026
987
540
566
1247
960
946
948
478
1223
1262
1306
1177
897
1085
1047
1171
629
517
849
1302
1188
1290
1131
92
1038
1238
1309
874
1279
743
792
993
1222
1189
1269
1290
840
1181
1262
464
206
714
1225
1144
1270
1290
209
1271
1194
590
552
1057
875
1304
960
1023
1286
1233
612
919
1122
1210
1120
1022
781
1299
804
974
1226
1023
1047
1026
735
982
1297
976
1006
905
908
778
844
927
1098
921
1161
437
292
1225
983
620
1307
1217
946
1082
1298
1154
1186
944
1289
1005
1203
898
1305
1086
978
799
852
1076
1095
151
1154
459
1093
1073
791
1278
849
1284
621
557
746
1166
1285
1182
1230
946
1064
1125
622
1144
1297
770
1140
922
678
501
759
1098
676
1222
1015
1287
841
927
807
1108
1170
646
1298
377
942
1291
45
1302
1271
1122
174
310
707
678
1010
1142
1207
519
870
1066
1005
980
605
1035
701
1168
1172
1039
1134
1169
1207
1106
256
578
1026
983
1263
1259
1299
893
842
1284
962
1049
750
1271
1200
819
919
566
1067
994
525
1308
766
972
369
1302
397
1169
692
1133
649
563
886
1181
952
1132
428
1004
1106
1216
1288
617
1307
1304
1092
1011
1044
1077
515
919
669
484
1027
900
722
1078
852
795
1134
771
831
1125
1061
257
1167
1195
1281
674
1201
1197
815
1095
1201
1233
1073
722
313
712
900
1113
1004
1302
702
1231
1217
1219
287
1005
716
889
859
576
1209
650
527
911
1291
322
428
1017
1292
1066
525
546
1050
1306
1166
579
1176
846
1166
1243
1137
1210
531
816
1254
718
1267
1174
1245
823
606
745
1182
1179
1073
613
1282
1231
710
1278
1235
1008
1290
864
1162
911
1308
1232
1261
731
1114
462
1288
650
469
1089
1090
1307
878
1151
1269
609
758
875
468
1300
1266
1082
1194
536
1253
1144
966
1306
789
587
1125
908
951
974
1279
1058
1242
955
1309
1198
833
1270
1072
902
680
1279
1022
988
1283
113
957
1028
1287
1050
372
490
1230
1236
1023
1134
771
1019
1177
1165
1275
1268
1229
1225
703
850
546
1257
347
962
1263
311
1077
1287
824
806
738
797
688
923
878
1309
1259
888
1080
1252
1239
1309
1306
1122
422
1148
747
1069
1102
973
1184
1107
714
1277
778
1240
1208
698
815
665
1284
894
527
883
882
1106
654
860
1279
1299
1052
1118
666
1198
1262
1309
730
1293
1067
929
1134
912
1161
506
1199
757
1290
775
1309
593
1240
337
451
1183
1218
829
1204
1301
1275
1201
677
1302
1171
274
809
1242
1225
1048
1206
1096
1019
842
686
90
786
1241
710
1089
590
252
375
1178
1015
782
1125
860
1189
1149
1302
292
867
1291
931
1268
787
1140
1263
595
931
1090
551
1180
550
753
813
884
925
1113
1303
913
1043
434
778
1244
1137
1255
823
1297
312
1242
1161
1243
906
253
1305
1226
1294
406
681
689
1224
1001
536
1197
951
420
1293
1200
1308
1304
617
916
1273
1305
752
160
897
1185
516
992
261
1276
898
564
1145
1214
1083
777
1211
1293
1133
1214
1025
1008
1114
580
1262
1293
1222
1151
943
502
1208
1171
721
957
722
1071
1257
808
537
1239
1203
207
967
1247
1267
1251
789
957
203
1247
795
568
1249
1076
1145
1015
1299
1176
878
1278
1282
665
1287
941
861
1308
778
990
1073
1298
1140
1135
382
1154
790
1280
1174
1086
832
783
1238
1105
1096
916
1284
1116
1249
1263
595
865
1157
446
495
1263
1266
989
1295
495
1182
791
1129
933
448
964
601
1166
205
790
1069
1000
907
816
1178
467
723
1274
1309
1308
951
1274
665
135
1152
1258
982
1042
1056
1237
522
997
1275
872
1056
1232
932
1053
1150
646
1197
1145
957
1188
803
1244
1301
1134
390
864
1058
1125
845
793
1018
1308
1209
799
1229
1179
716
1221
1169
1237
607
506
1284
955
616
1284
439
1300
1199
729
1202
1157
697
399
1011
445
1265
935
1114
662
1268
900
1157
1262
1210
1208
1242
912
973
1075
970
727
1016
1301
1263
388
834
925
815
522
1047
1062
624
495
781
1032
1276
1166
1016
994
1306
903
908
1138
924
1018
1283
1114
886
1005
1307
1027
1111
1061
1254
1097
1184
494
1124
560
1077
484
1299
1197
1185
642
287
208
818
1283
827
795
1302
155
1156
1100
1088
1247
665
1089
1054
733
989
1158
1019
1296
1030
485
1084
1215
1035
1088
582
1124
1145
834
1287
772
1136
1122
471
1044
1283
1111
829
811
1270
1062
697
1073
1274
1192
1180
1202
1247
1176
896
1308
824
1179
826
1213
1262
502
1052
933
1085
1214
1254
896
971
1192
1169
1206
614
474
1027
783
1160
1174
1278
434
1305
1256
113
1183
433
1266
907
1281
775
879
1190
1195
651
1097
872
825
1032
1263
1013
1048
1307
487
583
1305
1298
520
641
60
1199
1274
1308
556
999
424
824
1064
1308
777
1108
1178
1277
1174
1144
1150
1296
254
829
642
1003
1124
1110
746
1086
1014
1000
576
609
838
1300
1298
939
707
1282
1248
629
1309
1269
1051
788
1259
884
551
1123
1039
1145
809
1100
1024
1014
1073
1225
469
581
641
1286
717
324
750
986
1288
1108
1195
310
1283
746
1248
1144
1295
364
902
856
1241
1307
1151
644
1149
732
1250
958
986
1134
968
460
1306
1120
1060
1206
119
1290
1297
1099
1205
1267
1037
862
827
1274
1236
595
944
1303
1247
1138
1101
787
1266
1236
647
870
1033
973
965
1165
1206
1296
748
1306
664
907
403
409
1041
1221
1076
626
1184
1195
1158
1298
1296
1165
391
1246
1119
1204
948
1283
962
1198
1045
689
1227
1108
1244
959
1226
1030
948
598
778
1232
858
1265
1191
1305
1119
144
518
1100
1220
745
1050
448
1280
1158
955
1223
872
990
1125
382
1222
1284
1280
994
957
662
1297
933
405
1189
1291
1073
882
836
1296
1089
1209
1179
1165
305
1128
926
1245
347
1277
544
1157
1262
1098
275
1209
1120
896
1090
1022
158
930
494
770
887
1214
1271
840
1303
1050
1074
877
1189
1257
686
1296
1166
1148
872
917
1199
752
1103
1195
672
714
545
951
663
1015
1216
234
1244
704
1014
678
1201
375
960
293
975
660
1205
1288
1029
1278
1212
1250
1103
1209
727
1160
936
1284
1133
1100
1283
701
1222
1250
761
1234
461
1210
1143
537
939
1043
1286
914
1142
731
1276
845
1064
1194
1129
1273
1228
1253
1151
799
978
1295
1271
1304
789
882
1165
1068
434
599
601
1279
1287
378
1197
1168
825
1239
1193
1235
1213
1231
1175
912
1084
1209
1295
563
902
1217
549
1104
1127
1194
1094
306
845
951
1032
1282
1233
1213
1073
1141
619
1049
1005
1107
1142
1232
721
1290
1291
578
1296
535
506
952
519
1213
851
739
1109
1215
918
1177
836
1268
1128
992
835
1257
1163
1227
810
355
297
1238
1063
957
1129
1304
876
614
1284
1180
210
989
420
1213
824
480
963
856
590
1176
1002
883
1149
807
587
1250
515
1308
522
1098
1187
1123
1290
1064
1057
1140
293
606
1308
1195
1027
779
748
1163
1287
917
868
1035
1303
1219
1233
1224
595
785
1279
394
1028
1006
1286
1221
440
1170
904
1188
1259
1283
1172
586
820
1028
1270
1232
850
286
818
1309
1116
45
609
1205
1305
1258
438
994
1276
864
431
1226
1096
651
839
364
1052
1306
205
838
1187
1025
1200
861
530
1141
856
1214
920
955
1131
594
1088
1071
982
1169
893
929
967
485
1308
270
1289
1003
501
1283
842
1153
1273
1088
1141
986
1300
789
1234
1199
1064
950
1200
883
1306
1015
932
1203
135
1169
1009
813
1176
1182
869
718
1105
519
1104
1149
855
1299
1215
1015
882
1190
968
142
1000
913
816
1259
865
863
1042
1309
1036
978
1263
962
1150
879
1199
680
267
1260
823
1148
478
796
643
668
991
942
1290
1143
1233
1188
1031
1056
864
332
1258
1198
1010
1156
992
1297
1253
1309
148
833
1222
211
1243
1127
1103
971
1169
1308
842
468
1293
1074
386
941
1052
825
1058
505
950
898
537
562
286
1299
451
1176
1235
1125
1030
959
1239
940
1234
1250
958
1301
942
1089
638
1277
1279
1262
677
1078
1104
701
523
976
1187
599
999
665
1303
1230
449
618
266
664
1304
162
1252
919
939
1246
1291
1283
1230
904
715
1178
1117
1074
1303
224
1037
462
1245
945
889
116
1182
790
371
996
896
848
1285
992
216
829
1145
976
1195
1130
746
1039
1211
1168
1090
894
1231
1240
646
1288
844
1088
165
419
1239
1246
698
1227
1220
1162
1038
1301
915
1220
847
749
1289
1141
1242
1065
1214
989
560
1024
1262
874
691
1056
1308
982
878
1242
1294
1191
1247
979
902
894
1158
388
1131
1208
1095
1207
624
731
1182
931
718
1071
1270
1153
877
886
1306
1204
525
1056
511
357
1205
1263
1269
520
638
1221
619
1208
497
1285
1285
1307
901
483
1045
1202
886
1306
956
936
1308
1073
878
1126
405
1011
1202
1179
636
1256
1276
1271
957
1201
1240
1299
1271
1009
1262
312
977
1220
721
989
1111
1107
958
731
649
1282
1225
589
877
499
1258
648
1285
664
1073
921
1166
348
1252
1267
522
957
1061
1309
1292
1300
1231
751
1153
353
977
1050
976
799
388
1171
1277
504
1293
916
671
724
1194
1305
645
794
942
1009
1154
1099
791
282
1235
974
483
1172
1049
829
1065
871
909
1176
659
562
1265
726
1190
910
1085
1205
301
405
1290
1084
1120
932
1066
1267
723
1279
905
1290
519
1289
1117
378
510
1235
756
905
889
1239
1204
1010
1268
1230
1214
910
1246
983
750
1001
1271
857
908
850
1280
1296
775
1068
1048
268
1264
1229
786
1238
1160
1207
1100
903
452
1269
1238
997
1010
794
1220
966
1056
1294
1157
171
659
660
994
964
1219
698
831
1117
160
970
1129
1232
1117
1281
1061
1180
1186
499
1082
1309
861
926
457
1271
870
370
538
1134
1309
879
1132
1218
1178
984
1281
1234
1118
1237
1118
1260
958
1069
985
1075
1055
1194
1146
526
534
754
1145
721
1149
869
1297
745
1277
1202
404
478
1300
830
644
1263
1074
583
1026
906
821
1167
796
1266
437
885
948
1143
960
1177
1284
983
1299
442
261
1175
627
878
730
1293
1258
393
746
1302
897
685
850
618
1098
761
1088
877
1247
1191
1306
986
908
1084
1219
1294
852
574
632
285
901
1151
1250
1291
1286
1042
923
1236
1060
1212
1155
1255
599
1282
329
870
1064
1092
1127
1221
1017
1079
1255
1216
424
800
1303
1261
1217
437
946
491
1258
1186
1274
1195
1160
962
1297
66
979
1006
785
927
1039
1195
1246
826
592
288
1189
689
412
417
582
428
949
818
695
1231
1170
1180
967
1019
580
592
1047
387
1099
539
814
1021
515
1055
961
1217
764
1308
1235
1143
324
1250
1288
1078
872
1212
1157
1297
1288
1308
563
1065
967
483
1044
1027
648
418
700
857
85
757
1041
825
1198
489
1153
547
1031
1056
304
180
1287
1273
1295
939
1247
652
1303
1218
606
1290
788
1222
427
1135
1168
1250
687
1276
1203
1309
701
697
1255
888
1237
719
1042
1299
820
1135
1185
1272
1282
1141
1232
1177
1225
1142
1293
1262
1026
745
1163
1191
675
827
598
1031
1186
974
1198
675
1297
376
1284
1082
448
1147
1305
924
1290
1287
1054
170
905
820
610
1116
1126
807
1182
833
549
1251
774
1145
243
501
1138
1305
1214
573
979
640
740
1291
1176
1254
762
284
780
884
930
1261
1052
780
868
267
802
1274
1247
1198
1047
1236
836
1026
556
1300
1232
918
1014
1267
1013
1058
1127
929
486
924
1193
553
953
392
976
347
1291
1206
1240
1281
1041
706
1151
511
573
1080
346
709
854
1297
172
511
1177
1195
992
1234
583
840
1015
1141
1104
934
1262
989
1292
1284
903
698
1147
1105
984
952
922
1041
1291
1172
1180
1145
1200
601
450
1227
615
1243
1224
1263
1287
1249
835
1058
1241
1087
1286
607
591
578
1263
1262
1104
1306
1211
1303
1258
924
1138
1168
1272
999
1149
1299
1050
973
1269
884
1063
1227
1204
1053
1266
301
471
1277
1308
1089
1291
1220
1096
1273
72
899
959
685
1104
1278
1073
1288
1130
204
1154
721
1252
1257
1289
276
943
660
1286
1263
654
1303
1291
637
1071
1309
171
1237
1308
1160
1309
1147
1018
1004
1265
1046
990
1283
890
1071
1063
559
411
1055
1249
987
1233
1239
1121
980
1276
1032
1050
532
612
779
1065
1285
1124
1284
570
793
1281
1260
1290
1280
1231
1126
921
1286
683
400
854
1216
404
852
1308
1114
705
948
1298
898
1235
1081
607
758
780
909
1296
535
1121
490
1299
1160
1175
1078
1125
943
1048
570
1158
1230
1181
1034
904
1149
1021
267
606
1065
694
1193
607
734
1228
860
853
1131
1222
1289
220
1205
816
1038
925
1288
1123
653
1208
1268
1287
1271
698
1058
1271
1287
679
833
991
1221
574
1278
935
1278
1152
965
1150
838
891
1182
1179
1298
914
962
270
1158
1236
1061
436
1285
1118
1238
846
774
1134
1210
381
1161
455
415
804
1105
1288
972
1027
1032
563
528
1084
1134
1282
1239
1288
1273
835
1183
844
1150
1243
1213
1218
1265
962
1169
1110
791
1208
1204
1038
1057
787
968
780
1309
900
889
1295
1292
622
144
1175
711
1009
815
1247
981
1252
1255
1082
1272
911
857
1138
1306
1255
1307
1290
1286
1268
1284
635
1151
634
1096
1240
990
1227
87
829
1269
1228
1114
1042
790
1063
573
1074
496
285
356
741
1093
1239
1143
1294
1058
1073
768
1053
836
822
1242
1308
1288
789
1257
1009
1250
999
857
922
811
686
1279
1226
1278
607
1297
1243
1288
917
819
1133
504
1099
835
598
1296
635
515
395
442
828
1106
948
1251
1074
1196
556
794
607
1259
1299
549
949
1303
1213
1210
907
891
1292
694
329
947
1206
867
1015
916
1250
326
1257
1044
795
1143
1180
1295
1173
270
1188
1291
821
1130
398
431
502
968
1158
1040
1003
1247
1211
1308
1054
1243
143
1143
1234
1126
1303
752
771
917
1061
1106
1194
1156
1119
904
932
1145
830
929
1079
873
43
1228
705
866
923
645
395
236
1113
523
1227
1155
796
1037
925
1125
1150
948
1094
1241
1285
191
1308
1008
1297
494
1309
901
1024
687
1125
741
1018
1093
434
1207
1299
1079
418
1263
448
629
761
864
570
1196
1250
1183
1237
918
1089
624
1067
1143
949
1049
964
1192
890
1194
1104
1279
772
1286
962
1253
1299
884
1221
1013
1153
1295
585
930
985
1255
1096
1306
951
1301
1282
1228
839
1296
498
1307
1292
1000
1034
1309
1218
837
986
1012
1134
881
1075
572
1125
848
1067
1264
619
1230
824
629
893
1142
1206
544
1202
1103
834
644
664
1303
189
1255
444
1272
1292
906
618
1236
883
1173
1227
1268
584
1135
1208
780
1242
599
802
1213
1276
941
869
1286
582
1196
1273
359
1141
1283
1185
886
1197
1187
918
1103
1015
532
938
1022
1132
1072
697
1025
926
937
1232
326
1283
891
1174
969
928
1093
1113
749
1309
1271
965
977
659
1207
491
494
1305
1266
552
1102
1091
1038
1218
1258
1018
1228
1146
1168
1158
667
1267
1117
1243
1004
1071
1256
1252
388
945
833
998
1299
1293
630
496
1279
1153
1209
1180
604
803
1219
1272
1197
636
1273
1121
485
1302
858
380
951
755
1019
436
1183
1305
513
1222
1012
1173
1049
1206
416
1207
1215
767
611
1302
820
338
799
723
386
674
971
335
1000
1215
1058
1309
696
510
850
928
547
1251
528
345
1141
909
1178
1244
913
1232
1300
947
477
678
1234
1034
926
1273
1057
201
1184
1149
918
1236
1115
666
753
1308
1097
472
1013
625
880
907
692
616
840
1133
1267
789
581
1010
1280
1250
1088
1175
1278
1293
1008
1000
940
1109
381
1308
646
1005
1302
368
1057
712
196
1197
278
581
1284
1016
804
1173
1058
1296
988
731
1099
1256
1245
784
113
930
1151
976
1153
1183
832
1269
1296
1248
1236
1220
904
926
1006
623
1293
499
1125
1252
1106
387
940
390
443
1025
323
1052
1178
1230
1052
1200
1119
1241
916
492
630
1128
1157
1235
1231
1048
983
1129
1287
1115
1213
1039
1263
666
669
1281
495
491
1306
944
893
1273
1052
1301
773
930
702
698
405
1066
1112
951
1066
1139
1219
86
969
949
686
1040
944
964
638
1202
1039
1281
940
1304
1146
1250
1272
1290
1079
1134
616
828
1107
1083
856
343
874
825
1301
991
870
1121
1225
1272
1091
794
1079
1156
1226
1213
1194
793
811
750
1234
1201
1015
1147
877
1015
1094
1054
1017
1276
1174
1286
1279
1249
503
1304
1191
989
1021
768
947
776
860
1160
1265
1302
1264
707
130
628
731
418
1154
417
1217
1304
400
1052
1308
498
533
1081
1252
1232
1294
1278
842
1245
700
1157
836
1246
1082
1244
1149
1129
913
869
1144
883
1028
1296
922
1177
1289
1229
1050
1055
531
1087
557
1274
1287
1028
1016
1268
1251
1148
1272
1294
1017
382
1264
412
362
1068
1088
1207
887
660
864
1168
1032
1059
1212
1222
1238
1273
1096
780
826
978
1242
618
1231
1309
1231
1291
1284
343
778
1272
848
1256
1219
681
1152
1239
1298
1114
960
890
950
1207
1294
945
852
1019
862
537
1196
476
836
947
663
1305
573
440
856
963
619
1299
1148
983
1257
1215
1282
1063
1285
114
1226
461
1215
1238
443
1302
1017
1280
1276
1306
1306
1126
597
1114
564
974
1066
1110
1289
1061
570
1080
1283
666
1061
869
1035
1093
1052
1301
1297
1067
1088
770
853
610
337
1172
1135
1283
968
1267
1069
1279
1116
904
835
1063
668
1216
1058
990
1285
1050
1200
1158
903
1294
1077
1004
588
1304
876
658
605
1073
1224
1033
1188
1291
1298
1309
1203
951
1228
727
1256
1244
1020
316
674
377
1272
983
876
1028
1188
1055
710
966
1253
1241
885
1146
993
1057
673
879
435
869
1182
1273
286
1255
824
1279
1271
1247
1032
1307
894
1095
503
1218
1281
1220
1287
1035
1212
853
1251
1003
1302
898
1055
1294
1157
771
1255
787
627
1300
1129
952
1139
1245
1261
1307
1252
828
1218
1225
1171
1227
1210
762
992
519
1306
1268
1302
1122
1217
975
1271
1165
1107
879
885
964
1287
1021
863
967
1238
1130
1198
1226
912
1262
952
1044
779
1013
1211
664
450
934
1271
433
1263
1276
963
609
1048
747
148
636
1265
710
1304
800
1278
935
1266
1194
279
528
400
1243
1274
1250
1289
1298
653
1179
411
523
214
1274
1223
849
1125
924
1293
784
1301
831
1246
1292
728
981
1306
1248
1234
410
1125
1233
908
987
769
1287
1309
1299
831
994
518
543
696
1127
245
1078
709
1198
588
634
1289
844
1269
1084
797
1017
742
900
943
1197
1048
1117
1204
1011
866
998
1012
524
1165
1306
1023
892
636
899
1297
656
422
877
1289
286
617
1125
1163
1285
1185
1189
1245
896
513
1273
1302
1063
715
941
1258
1003
701
420
1023
1263
502
1231
623
736
1130
1233
1309
1271
1015
1303
559
1021
918
1275
1095
843
25
612
1145
601
1306
1298
1309
1027
179
333
1172
926
939
1040
424
484
319
1201
674
1009
1023
1169
1215
958
704
1264
343
544
1106
1240
1018
1116
1288
1248
795
1306
1211
761
592
774
307
1221
808
1173
1162
620
1295
1245
1265
1012
1295
1159
906
684
1114
1278
680
1226
367
1288
508
1085
1139
908
1209
1254
1289
1096
1275
489
901
1210
869
1073
428
1302
1194
962
994
463
1242
1268
899
633
170
1253
1051
892
1080
1206
1304
1100
800
529
1225
1120
237
1289
1309
544
1258
501
897
1115
1117
1272
1307
286
940
1078
1309
1278
817
1275
1156
757
1306
672
1137
1069
1188
768
312
1150
1242
1128
980
1160
1195
1101
1301
1249
1189
1151
957
1226
472
892
1097
721
1307
784
1032
1030
837
597
155
580
917
1308
534
997
1119
313
301
588
1260
870
1301
1057
1256
607
971
1309
991
693
1021
820
1169
1289
1234
1027
1205
771
1243
999
596
884
885
1304
934
1139
1124
1162
1214
1282
637
892
678
1309
918
1177
1098
239
1234
791
1210
877
1209
755
948
125
1093
233
972
430
1190
823
200
1028
833
1057
1108
1139
1031
1026
1202
661
1265
1002
1160
912
1213
1283
1217
565
1300
185
1123
1189
1222
1097
1284
989
1214
1278
1220
920
726
1146
662
466
269
890
1186
1306
1076
1070
988
1081
1096
1217
731
1169
900
1309
1302
1304
1082
1035
853
1292
1257
728
1297
896
486
1220
879
803
1048
1119
411
1111
1282
1112
1291
1249
484
1209
815
1170
556
1247
1062
1004
1251
663
780
1260
1306
1273
535
1073
1146
1300
1138
1299
1055
1021
1008
233
776
679
918
147
1257
1284
1087
733
1254
594
1022
1114
817
289
894
1201
1143
513
861
655
1004
862
1047
1137
939
1300
884
1203
1268
719
1026
542
1167
864
1189
812
775
962
1276
1293
782
1163
1150
1307
1234
868
1156
621
1202
1207
787
933
774
916
339
1298
1242
1274
1117
1117
719
1087
1225
1164
732
1198
1016
1202
777
470
703
1276
790
368
1069
1144
675
1287
674
1254
926
1276
1180
663
1149
534
1104
98
1159
1275
295
535
368
1246
750
977
1149
584
992
410
1246
218
1269
1124
793
1187
1103
976
1200
670
1070
1288
1096
1218
707
513
1124
1248
945
731
1063
1184
785
1190
1140
630
1045
813
1114
1174
633
820
1179
1222
1266
1226
1254
1164
780
1052
1214
966
1131
798
860
364
1109
1265
898
978
472
689
1212
852
517
1248
1163
1199
1168
744
343
689
1190
801
1295
906
462
215
1299
999
1197
751
1292
1300
770
754
985
1016
792
373
1174
1059
717
700
1271
650
744
1077
1098
1249
1236
1196
1266
1262
1308
805
520
1254
654
1111
1077
1166
606
1184
780
1206
1253
1004
436
1104
762
1184
906
1200
896
1160
935
952
1220
468
1306
713
1203
739
1279
1280
981
1293
128
907
137
949
761
832
1291
1297
1214
584
1272
947
783
1089
1251
1021
1184
984
1026
1279
824
966
1268
1146
1125
1205
1156
1231
1063
556
1201
1207
1034
649
1272
1224
1136
1215
913
1232
1193
1119
528
1283
1234
1042
1024
1255
1236
1088
1190
452
1227
720
921
1076
1151
1240
859
1052
941
1286
579
950
1089
1273
1244
1245
701
458
838
955
1285
1124
1244
1253
88
1175
968
1220
1193
949
190
831
998
998
739
1114
1280
624
731
1086
1304
460
1203
1127
715
1266
525
1308
1043
407
770
1273
463
1247
543
827
1204
965
1224
949
1126
984
1054
1274
483
1131
1305
172
1058
1309
1025
420
896
1107
1089
676
1072
808
1190
1176
465
929
1144
1249
1268
1225
825
124
931
215
1294
616
1267
761
879
584
651
835
561
1193
1145
1004
1234
1231
1149
1221
486
1308
1038
1290
613
843
1078
1244
676
733
1077
1202
1004
285
482
318
667
966
1026
1062
730
880
767
1249
576
346
1282
1155
1052
1215
782
968
1304
719
1249
909
726
1293
817
779
1157
1092
1084
1209
969
877
1171
1168
1186
1168
1158
362
1043
704
1302
1278
1223
1230
1098
1246
526
1001
1249
1204
828
1298
914
996
823
1086
1269
1259
1254
1110
773
1067
1271
1235
954
1140
984
1274
619
708
276
1294
921
633
886
1307
1281
417
1220
1229
1232
1281
838
667
731
884
829
1240
1108
431
758
1230
1177
342
1295
836
690
1036
707
1269
361
544
1107
1091
655
874
925
1066
1259
1011
1132
1222
1286
1251
162
1099
943
1077
1112
1273
1177
1262
1302
1297
1251
1021
1299
535
935
508
872
1297
1267
1215
1246
611
435
1272
1106
819
724
217
1304
374
873
839
812
1087
1124
1291
787
1112
1302
902
1292
538
1285
1242
1177
1274
1189
1227
1103
485
958
1114
931
233
1211
647
1011
1069
1307
939
1161
1256
1176
1058
1215
876
631
1188
1222
1020
1121
969
1012
783
729
1309
778
966
1295
1270
1255
1303
950
1297
953
355
1135
1251
861
947
1267
1039
1285
1125
1287
1292
1039
1293
1212
1023
996
1207
546
854
773
946
833
1132
760
543
1064
1301
1150
903
768
1066
1303
837
712
1142
617
895
793
1289
516
1112
1168
1069
1246
1149
631
1134
866
1307
812
1145
503
608
1247
880
1180
1240
1170
1094
1184
1034
589
1201
793
1292
1104
492
817
851
847
1308
81
1197
1022
1027
749
1071
697
1299
813
636
936
1033
1115
904
1305
1207
676
175
878
863
1269
631
1291
366
1291
1089
1040
834
1248
1087
1275
1230
615
1047
1130
717
390
1276
839
1149
783
1190
99
935
497
1167
1186
1175
919
1280
1217
1295
1268
1215
1278
1237
779
309
1234
1291
1196
242
1193
1214
1180
920
444
752
1229
363
781
1102
1276
1102
600
1038
1285
585
1232
1072
587
897
1204
1075
991
1268
1222
1176
1022
1300
982
1308
442
1273
1008
923
897
1269
991
1250
1111
1179
1159
1302
996
1095
1308
1168
1298
1161
1165
1046
877
1299
1293
1233
1187
1243
1299
1300
848
1272
1297
1295
1309
940
1249
1069
1140
1286
1036
765
1276
908
563
988
1210
1137
901
1193
1219
1129
1216
802
421
1151
919
1005
1194
728
1043
827
1204
1227
60
1261
977
1176
1236
850
1257
1305
1171
958
860
1302
830
1266
1120
1283
1052
954
827
1070
838
477
770
1145
1307
1029
883
1192
1157
372
810
1221
693
1303
920
1279
1215
990
1306
1194
1065
1295
962
1253
1241
834
295
1229
232
793
1233
460
1010
1018
938
1055
1227
1307
1228
652
834
1303
1198
1207
1248
352
751
1126
1223
1060
472
607
933
1279
799
1048
252
799
1285
1046
700
794
1143
1154
769
1175
393
1005
1036
1160
1111
820
1033
858
1060
1090
864
1229
1304
1287
681
380
795
1307
1092
1304
1024
1224
1148
1248
857
1216
1234
1273
1089
697
1210
1253
149
1017
888
1298
923
1293
1229
1201
695
786
1290
1008
1282
1095
1218
319
1076
789
850
1302
626
1275
1126
1122
1176
1261
1172
774
1052
1197
947
1297
992
1182
1068
571
1192
1223
667
688
1250
685
1269
997
693
603
1010
738
1249
694
1255
676
1032
128
1277
1168
852
1178
1170
823
1308
877
1028
1295
1290
180
515
1281
1170
1017
646
1179
1249
1223
1271
1201
795
1126
1283
839
555
1265
1169
1075
976
760
823
1058
1172
1023
1205
559
1289
1243
609
1304
497
1281
475
916
339
1288
782
711
763
903
430
678
1101
696
1178
653
1248
672
1304
1043
1306
835
1299
1123
1270
1025
847
846
1042
1201
1049
1276
482
1166
1173
1057
1278
1191
859
790
1249
1265
601
609
1303
347
1152
377
625
1247
655
759
1221
1057
1243
1015
1289
971
874
1232
899
761
1022
835
919
621
945
1165
1174
1137
1178
905
966
941
711
1106
1054
1288
433
865
1267
973
1270
918
1218
616
1102
1272
1302
1288
1302
1149
1019
1032
514
908
742
743
470
984
699
1267
510
922
1301
1222
428
552
883
1248
695
1187
950
1153
1291
475
1037
841
484
1270
943
1106
1205
991
1287
1092
910
231
766
492
416
186
1297
1299
1142
1173
1278
1100
1175
1174
921
1307
1304
1298
700
965
674
1281
1164
302
1292
768
1142
1072
542
599
1074
581
1036
666
1276
1116
1289
917
1271
1228
1111
1251
354
851
405
1147
793
651
663
1306
844
1265
1276
1176
1142
1267
1131
1290
1247
1145
1130
848
881
1238
1292
345
1307
869
858
1224
1095
1051
1275
942
1297
1170
456
1123
996
1043
958
1081
524
1195
1188
1002
849
1234
1021
664
995
1064
420
1210
875
959
1170
1269
477
849
714
1277
794
1298
1249
1098
572
1189
1115
724
700
1288
1232
1252
1229
1032
1169
1255
1250
1305
668
1125
856
1032
1157
1242
1274
681
1092
695
653
625
752
371
1309
1151
1163
1208
1267
1093
1148
684
1299
1269
1034
995
1264
1162
1115
673
1306
1158
1239
562
1258
1150
1281
1014
1043
1301
1112
1176
1017
1278
1132
1065
1182
1278
1299
1193
458
905
1287
846
850
1182
630
1224
1260
1131
1297
1149
114
954
1309
1309
1026
1190
1244
334
860
1224
1145
1173
973
1281
613
984
1083
1201
775
542
1101
1227
1026
1211
1274
536
1302
1032
961
726
1141
1112
1086
1267
1289
1179
1258
1151
894
813
1024
958
1159
1199
1305
1071
891
1246
567
1173
1022
1041
1260
766
978
1003
1297
1287
624
585
1138
1044
565
375
686
384
1250
903
924
1160
761
1252
1259
1161
979
1231
1285
981
472
1110
1236
467
1198
1215
789
1041
1224
595
1212
334
1260
942
1173
1220
801
1077
1260
757
756
990
1145
1059
301
1165
722
866
722
1061
1076
1003
1199
1250
827
742
899
830
999
1266
1120
1197
1251
1288
729
1267
1304
868
705
1221
410
1223
1183
584
638
874
586
1030
989
1132
1095
1041
1075
1305
834
811
968
1098
514
1014
1210
988
717
1073
731
1187
1309
1020
1045
1084
1300
353
842
1266
908
269
997
1153
1221
511
1235
1246
1240
1139
955
1014
1229
623
1102
1304
1011
1294
569
1215
561
768
1283
1301
458
668
703
1107
677
609
1208
1192
877
1254
674
1049
1289
1108
